 1.0000000000000000e+00 0.0000000000000000e+00 0.0000000000000000e+00
 1.0000000000000000e+00 6.6666666666666666e-02 0.0000000000000000e+00
 1.0000000000000000e+00 1.3333333333333333e-01 0.0000000000000000e+00
 1.0000000000000000e+00 2.0000000000000001e-01 0.0000000000000000e+00
 1.0000000000000000e+00 2.6666666666666666e-01 0.0000000000000000e+00
 1.0000000000000000e+00 3.3333333333333331e-01 0.0000000000000000e+00
 1.0000000000000000e+00 4.0000000000000002e-01 0.0000000000000000e+00
 1.0000000000000000e+00 4.6666666666666667e-01 0.0000000000000000e+00
 1.0000000000000000e+00 5.3333333333333333e-01 0.0000000000000000e+00
 1.0000000000000000e+00 5.9999999999999998e-01 0.0000000000000000e+00
 1.0000000000000000e+00 6.6666666666666663e-01 0.0000000000000000e+00
 1.0000000000000000e+00 7.3333333333333328e-01 0.0000000000000000e+00
 1.0000000000000000e+00 8.0000000000000004e-01 0.0000000000000000e+00
 1.0000000000000000e+00 8.6666666666666670e-01 0.0000000000000000e+00
 1.0000000000000000e+00 9.3333333333333335e-01 0.0000000000000000e+00
 1.0000000000000000e+00 1.0000000000000000e+00 0.0000000000000000e+00
