 0.0000000000000000e+00 0.0000000000000000e+00 2.0833333333333332e-02
 5.8333333333333334e-02 5.8333333333333334e-02 1.0000000000000001e-01
 1.1666666666666667e-01 1.1666666666666667e-01 1.7916666666666667e-01
 1.7500000000000002e-01 1.7500000000000002e-01 2.5833333333333336e-01
 2.3333333333333334e-01 2.3333333333333334e-01 3.3750000000000002e-01
 2.9166666666666663e-01 2.9166666666666663e-01 4.1666666666666663e-01
 3.5000000000000003e-01 3.7083333333333335e-01 4.7500000000000003e-01
 4.0833333333333333e-01 4.5000000000000001e-01 5.3333333333333333e-01
 4.6666666666666667e-01 5.2916666666666667e-01 5.9166666666666667e-01
 5.2500000000000002e-01 6.0833333333333339e-01 6.5000000000000002e-01
 5.8333333333333326e-01 6.8749999999999989e-01 7.0833333333333326e-01
 6.4166666666666661e-01 7.6666666666666661e-01 7.6666666666666661e-01
 7.3125000000000007e-01 8.2500000000000007e-01 8.2500000000000007e-01
 8.2083333333333330e-01 8.8333333333333330e-01 8.8333333333333330e-01
 9.1041666666666665e-01 9.4166666666666665e-01 9.4166666666666665e-01
 1.0000000000000000e+00 1.0000000000000000e+00 1.0000000000000000e+00
