 0.0000000000000000e+00 0.0000000000000000e+00 0.0000000000000000e+00
 8.3333333333333329e-02 5.2080000000000001e-02 3.3166666666666664e-02
 1.6666666666666666e-01 1.0416000000000000e-01 6.6333333333333327e-02
 2.5000000000000000e-01 1.5624000000000002e-01 9.9500000000000005e-02
 3.3333333333333331e-01 2.0832000000000001e-01 1.3266666666666665e-01
 4.1666666666666663e-01 2.6039999999999996e-01 1.6583333333333333e-01
 5.0000000000000000e-01 3.1248000000000004e-01 1.9900000000000001e-01
 5.8333333333333337e-01 3.6456000000000000e-01 2.3216666666666666e-01
 6.6666666666666663e-01 4.1664000000000001e-01 2.6533333333333331e-01
 7.5000000000000000e-01 4.6871999999999997e-01 2.9849999999999999e-01
 8.3333333333333326e-01 5.2079999999999993e-01 3.3166666666666667e-01
 9.1666666666666663e-01 5.7287999999999994e-01 3.6483333333333329e-01
 1.0000000000000000e+00 6.2496000000000007e-01 3.9800000000000002e-01
 1.0000000000000000e+00 6.7703999999999998e-01 4.3116666666666670e-01
 1.0000000000000000e+00 7.2911999999999999e-01 4.6433333333333332e-01
 1.0000000000000000e+00 7.8120000000000001e-01 4.9750000000000000e-01
