 1.6666666666666666e-01 0.0000000000000000e+00 0.0000000000000000e+00
 3.3333333333333331e-01 0.0000000000000000e+00 0.0000000000000000e+00
 5.0000000000000000e-01 0.0000000000000000e+00 0.0000000000000000e+00
 6.6666666666666663e-01 0.0000000000000000e+00 0.0000000000000000e+00
 8.3333333333333337e-01 0.0000000000000000e+00 0.0000000000000000e+00
 1.0000000000000000e+00 0.0000000000000000e+00 0.0000000000000000e+00
 1.0000000000000000e+00 1.6666666666666666e-01 0.0000000000000000e+00
 1.0000000000000000e+00 3.3333333333333331e-01 0.0000000000000000e+00
 1.0000000000000000e+00 5.0000000000000000e-01 0.0000000000000000e+00
 1.0000000000000000e+00 6.6666666666666663e-01 0.0000000000000000e+00
 1.0000000000000000e+00 8.3333333333333337e-01 0.0000000000000000e+00
 1.0000000000000000e+00 1.0000000000000000e+00 0.0000000000000000e+00
 1.0000000000000000e+00 1.0000000000000000e+00 2.5000000000000000e-01
 1.0000000000000000e+00 1.0000000000000000e+00 5.0000000000000000e-01
 1.0000000000000000e+00 1.0000000000000000e+00 7.5000000000000000e-01
 1.0000000000000000e+00 1.0000000000000000e+00 1.0000000000000000e+00
