 2.0810000000000001e-01 1.6630000000000000e-01 5.2920000000000000e-01
 1.9209999999999999e-01 2.6979999999999998e-01 7.3809999999999998e-01
 6.0000000000000001e-03 3.9650000000000002e-01 8.8329999999999997e-01
 5.8200000000000002e-02 4.6770000000000000e-01 8.5890000000000000e-01
 7.6399999999999996e-02 5.3390000000000004e-01 8.2699999999999996e-01
 2.6499999999999999e-02 6.1370000000000002e-01 8.1350000000000000e-01
 2.8199999999999999e-02 6.6630000000000000e-01 7.5739999999999996e-01
 1.2580000000000000e-01 7.0489999999999997e-01 6.7749999999999999e-01
 2.8449999999999998e-01 7.3540000000000005e-01 5.8089999999999997e-01
 4.7830000000000000e-01 7.4890000000000001e-01 4.8770000000000002e-01
 6.4729999999999999e-01 7.4560000000000004e-01 4.1880000000000001e-01
 7.9239999999999999e-01 7.3499999999999999e-01 3.6059999999999998e-01
 9.2640000000000000e-01 7.2560000000000002e-01 2.9959999999999998e-01
 9.9760000000000004e-01 7.7780000000000005e-01 2.0419999999999999e-01
 9.6379999999999999e-01 8.6590000000000000e-01 1.3430000000000000e-01
 9.7629999999999995e-01 9.8309999999999997e-01 5.3800000000000001e-02
