 2.3570226039551584e-01 0.0000000000000000e+00 0.0000000000000000e+00
 3.9440531887330776e-01 2.1081851067789195e-01 2.1081851067789195e-01
 5.0552502960343670e-01 2.9814239699997197e-01 2.9814239699997197e-01
 5.9628479399994394e-01 3.6514837167011072e-01 3.6514837167011072e-01
 6.7494855771055284e-01 4.2163702135578390e-01 4.2163702135578390e-01
 7.4535599249992979e-01 4.7140452079103168e-01 4.7140452079103168e-01
 7.7459666924148340e-01 5.6764621219754674e-01 5.1639777949432220e-01
 8.0277297191948638e-01 6.4978628965393093e-01 5.5777335102271708e-01
 8.2999330653258208e-01 7.2264944628929328e-01 5.9628479399994394e-01
 8.5634883857767530e-01 7.8881063774661553e-01 6.3245553203367588e-01
 8.8191710368819676e-01 8.4983658559879749e-01 6.6666666666666663e-01
 9.0676470058236291e-01 9.0676470058236291e-01 6.9920589878010098e-01
 9.3094933625126275e-01 9.3094933625126275e-01 7.8528126595931647e-01
 9.5452140421842357e-01 9.5452140421842357e-01 8.6281194036965236e-01
 9.7752521990767871e-01 9.7752521990767871e-01 9.3392838174145998e-01
 1.0000000000000000e+00 1.0000000000000000e+00 1.0000000000000000e+00
