 0.0000000000000000e+00 5.0000000000000000e-01 4.0000000000000002e-01
 6.6666666666666666e-02 5.3333333333333333e-01 4.0000000000000002e-01
 1.3333333333333333e-01 5.6666666666666665e-01 4.0000000000000002e-01
 2.0000000000000001e-01 5.9999999999999998e-01 4.0000000000000002e-01
 2.6666666666666666e-01 6.3333333333333330e-01 4.0000000000000002e-01
 3.3333333333333331e-01 6.6666666666666663e-01 4.0000000000000002e-01
 4.0000000000000002e-01 6.9999999999999996e-01 4.0000000000000002e-01
 4.6666666666666667e-01 7.3333333333333339e-01 4.0000000000000002e-01
 5.3333333333333333e-01 7.6666666666666661e-01 4.0000000000000002e-01
 5.9999999999999998e-01 8.0000000000000004e-01 4.0000000000000002e-01
 6.6666666666666663e-01 8.3333333333333326e-01 4.0000000000000002e-01
 7.3333333333333328e-01 8.6666666666666670e-01 4.0000000000000002e-01
 8.0000000000000004e-01 9.0000000000000002e-01 4.0000000000000002e-01
 8.6666666666666670e-01 9.3333333333333335e-01 4.0000000000000002e-01
 9.3333333333333335e-01 9.6666666666666667e-01 4.0000000000000002e-01
 1.0000000000000000e+00 1.0000000000000000e+00 4.0000000000000002e-01
