 1.0000000000000000e+00 0.0000000000000000e+00 0.0000000000000000e+00
 1.0000000000000000e+00 3.9215686274509803e-03 0.0000000000000000e+00
 1.0000000000000000e+00 7.8431372549019607e-03 0.0000000000000000e+00
 1.0000000000000000e+00 1.1764705882352941e-02 0.0000000000000000e+00
 1.0000000000000000e+00 1.5686274509803921e-02 0.0000000000000000e+00
 1.0000000000000000e+00 1.9607843137254902e-02 0.0000000000000000e+00
 1.0000000000000000e+00 2.3529411764705882e-02 0.0000000000000000e+00
 1.0000000000000000e+00 2.7450980392156862e-02 0.0000000000000000e+00
 1.0000000000000000e+00 3.1372549019607843e-02 0.0000000000000000e+00
 1.0000000000000000e+00 3.5294117647058823e-02 0.0000000000000000e+00
 1.0000000000000000e+00 3.9215686274509803e-02 0.0000000000000000e+00
 1.0000000000000000e+00 4.3137254901960784e-02 0.0000000000000000e+00
 1.0000000000000000e+00 4.7058823529411764e-02 0.0000000000000000e+00
 1.0000000000000000e+00 5.0980392156862744e-02 0.0000000000000000e+00
 1.0000000000000000e+00 5.4901960784313725e-02 0.0000000000000000e+00
 1.0000000000000000e+00 5.8823529411764705e-02 0.0000000000000000e+00
 1.0000000000000000e+00 6.2745098039215685e-02 0.0000000000000000e+00
 1.0000000000000000e+00 6.6666666666666666e-02 0.0000000000000000e+00
 1.0000000000000000e+00 7.0588235294117646e-02 0.0000000000000000e+00
 1.0000000000000000e+00 7.4509803921568626e-02 0.0000000000000000e+00
 1.0000000000000000e+00 7.8431372549019607e-02 0.0000000000000000e+00
 1.0000000000000000e+00 8.2352941176470587e-02 0.0000000000000000e+00
 1.0000000000000000e+00 8.6274509803921567e-02 0.0000000000000000e+00
 1.0000000000000000e+00 9.0196078431372548e-02 0.0000000000000000e+00
 1.0000000000000000e+00 9.4117647058823528e-02 0.0000000000000000e+00
 1.0000000000000000e+00 9.8039215686274508e-02 0.0000000000000000e+00
 1.0000000000000000e+00 1.0196078431372549e-01 0.0000000000000000e+00
 1.0000000000000000e+00 1.0588235294117647e-01 0.0000000000000000e+00
 1.0000000000000000e+00 1.0980392156862745e-01 0.0000000000000000e+00
 1.0000000000000000e+00 1.1372549019607843e-01 0.0000000000000000e+00
 1.0000000000000000e+00 1.1764705882352941e-01 0.0000000000000000e+00
 1.0000000000000000e+00 1.2156862745098039e-01 0.0000000000000000e+00
 1.0000000000000000e+00 1.2549019607843137e-01 0.0000000000000000e+00
 1.0000000000000000e+00 1.2941176470588237e-01 0.0000000000000000e+00
 1.0000000000000000e+00 1.3333333333333333e-01 0.0000000000000000e+00
 1.0000000000000000e+00 1.3725490196078433e-01 0.0000000000000000e+00
 1.0000000000000000e+00 1.4117647058823529e-01 0.0000000000000000e+00
 1.0000000000000000e+00 1.4509803921568629e-01 0.0000000000000000e+00
 1.0000000000000000e+00 1.4901960784313725e-01 0.0000000000000000e+00
 1.0000000000000000e+00 1.5294117647058825e-01 0.0000000000000000e+00
 1.0000000000000000e+00 1.5686274509803921e-01 0.0000000000000000e+00
 1.0000000000000000e+00 1.6078431372549021e-01 0.0000000000000000e+00
 1.0000000000000000e+00 1.6470588235294117e-01 0.0000000000000000e+00
 1.0000000000000000e+00 1.6862745098039217e-01 0.0000000000000000e+00
 1.0000000000000000e+00 1.7254901960784313e-01 0.0000000000000000e+00
 1.0000000000000000e+00 1.7647058823529413e-01 0.0000000000000000e+00
 1.0000000000000000e+00 1.8039215686274510e-01 0.0000000000000000e+00
 1.0000000000000000e+00 1.8431372549019609e-01 0.0000000000000000e+00
 1.0000000000000000e+00 1.8823529411764706e-01 0.0000000000000000e+00
 1.0000000000000000e+00 1.9215686274509805e-01 0.0000000000000000e+00
 1.0000000000000000e+00 1.9607843137254902e-01 0.0000000000000000e+00
 1.0000000000000000e+00 2.0000000000000001e-01 0.0000000000000000e+00
 1.0000000000000000e+00 2.0392156862745098e-01 0.0000000000000000e+00
 1.0000000000000000e+00 2.0784313725490197e-01 0.0000000000000000e+00
 1.0000000000000000e+00 2.1176470588235294e-01 0.0000000000000000e+00
 1.0000000000000000e+00 2.1568627450980393e-01 0.0000000000000000e+00
 1.0000000000000000e+00 2.1960784313725490e-01 0.0000000000000000e+00
 1.0000000000000000e+00 2.2352941176470589e-01 0.0000000000000000e+00
 1.0000000000000000e+00 2.2745098039215686e-01 0.0000000000000000e+00
 1.0000000000000000e+00 2.3137254901960785e-01 0.0000000000000000e+00
 1.0000000000000000e+00 2.3529411764705882e-01 0.0000000000000000e+00
 1.0000000000000000e+00 2.3921568627450981e-01 0.0000000000000000e+00
 1.0000000000000000e+00 2.4313725490196078e-01 0.0000000000000000e+00
 1.0000000000000000e+00 2.4705882352941178e-01 0.0000000000000000e+00
 1.0000000000000000e+00 2.5098039215686274e-01 0.0000000000000000e+00
 1.0000000000000000e+00 2.5490196078431371e-01 0.0000000000000000e+00
 1.0000000000000000e+00 2.5882352941176473e-01 0.0000000000000000e+00
 1.0000000000000000e+00 2.6274509803921570e-01 0.0000000000000000e+00
 1.0000000000000000e+00 2.6666666666666666e-01 0.0000000000000000e+00
 1.0000000000000000e+00 2.7058823529411763e-01 0.0000000000000000e+00
 1.0000000000000000e+00 2.7450980392156865e-01 0.0000000000000000e+00
 1.0000000000000000e+00 2.7843137254901962e-01 0.0000000000000000e+00
 1.0000000000000000e+00 2.8235294117647058e-01 0.0000000000000000e+00
 1.0000000000000000e+00 2.8627450980392155e-01 0.0000000000000000e+00
 1.0000000000000000e+00 2.9019607843137257e-01 0.0000000000000000e+00
 1.0000000000000000e+00 2.9411764705882354e-01 0.0000000000000000e+00
 1.0000000000000000e+00 2.9803921568627451e-01 0.0000000000000000e+00
 1.0000000000000000e+00 3.0196078431372547e-01 0.0000000000000000e+00
 1.0000000000000000e+00 3.0588235294117649e-01 0.0000000000000000e+00
 1.0000000000000000e+00 3.0980392156862746e-01 0.0000000000000000e+00
 1.0000000000000000e+00 3.1372549019607843e-01 0.0000000000000000e+00
 1.0000000000000000e+00 3.1764705882352939e-01 0.0000000000000000e+00
 1.0000000000000000e+00 3.2156862745098042e-01 0.0000000000000000e+00
 1.0000000000000000e+00 3.2549019607843138e-01 0.0000000000000000e+00
 1.0000000000000000e+00 3.2941176470588235e-01 0.0000000000000000e+00
 1.0000000000000000e+00 3.3333333333333331e-01 0.0000000000000000e+00
 1.0000000000000000e+00 3.3725490196078434e-01 0.0000000000000000e+00
 1.0000000000000000e+00 3.4117647058823530e-01 0.0000000000000000e+00
 1.0000000000000000e+00 3.4509803921568627e-01 0.0000000000000000e+00
 1.0000000000000000e+00 3.4901960784313724e-01 0.0000000000000000e+00
 1.0000000000000000e+00 3.5294117647058826e-01 0.0000000000000000e+00
 1.0000000000000000e+00 3.5686274509803922e-01 0.0000000000000000e+00
 1.0000000000000000e+00 3.6078431372549019e-01 0.0000000000000000e+00
 1.0000000000000000e+00 3.6470588235294116e-01 0.0000000000000000e+00
 1.0000000000000000e+00 3.6862745098039218e-01 0.0000000000000000e+00
 1.0000000000000000e+00 3.7254901960784315e-01 0.0000000000000000e+00
 1.0000000000000000e+00 3.7647058823529411e-01 0.0000000000000000e+00
 1.0000000000000000e+00 3.8039215686274508e-01 0.0000000000000000e+00
 1.0000000000000000e+00 3.8431372549019610e-01 0.0000000000000000e+00
 1.0000000000000000e+00 3.8823529411764707e-01 0.0000000000000000e+00
 1.0000000000000000e+00 3.9215686274509803e-01 0.0000000000000000e+00
 1.0000000000000000e+00 3.9607843137254900e-01 0.0000000000000000e+00
 1.0000000000000000e+00 4.0000000000000002e-01 0.0000000000000000e+00
 1.0000000000000000e+00 4.0392156862745099e-01 0.0000000000000000e+00
 1.0000000000000000e+00 4.0784313725490196e-01 0.0000000000000000e+00
 1.0000000000000000e+00 4.1176470588235292e-01 0.0000000000000000e+00
 1.0000000000000000e+00 4.1568627450980394e-01 0.0000000000000000e+00
 1.0000000000000000e+00 4.1960784313725491e-01 0.0000000000000000e+00
 1.0000000000000000e+00 4.2352941176470588e-01 0.0000000000000000e+00
 1.0000000000000000e+00 4.2745098039215684e-01 0.0000000000000000e+00
 1.0000000000000000e+00 4.3137254901960786e-01 0.0000000000000000e+00
 1.0000000000000000e+00 4.3529411764705883e-01 0.0000000000000000e+00
 1.0000000000000000e+00 4.3921568627450980e-01 0.0000000000000000e+00
 1.0000000000000000e+00 4.4313725490196076e-01 0.0000000000000000e+00
 1.0000000000000000e+00 4.4705882352941179e-01 0.0000000000000000e+00
 1.0000000000000000e+00 4.5098039215686275e-01 0.0000000000000000e+00
 1.0000000000000000e+00 4.5490196078431372e-01 0.0000000000000000e+00
 1.0000000000000000e+00 4.5882352941176469e-01 0.0000000000000000e+00
 1.0000000000000000e+00 4.6274509803921571e-01 0.0000000000000000e+00
 1.0000000000000000e+00 4.6666666666666667e-01 0.0000000000000000e+00
 1.0000000000000000e+00 4.7058823529411764e-01 0.0000000000000000e+00
 1.0000000000000000e+00 4.7450980392156861e-01 0.0000000000000000e+00
 1.0000000000000000e+00 4.7843137254901963e-01 0.0000000000000000e+00
 1.0000000000000000e+00 4.8235294117647060e-01 0.0000000000000000e+00
 1.0000000000000000e+00 4.8627450980392156e-01 0.0000000000000000e+00
 1.0000000000000000e+00 4.9019607843137253e-01 0.0000000000000000e+00
 1.0000000000000000e+00 4.9411764705882355e-01 0.0000000000000000e+00
 1.0000000000000000e+00 4.9803921568627452e-01 0.0000000000000000e+00
 1.0000000000000000e+00 5.0196078431372548e-01 0.0000000000000000e+00
 1.0000000000000000e+00 5.0588235294117645e-01 0.0000000000000000e+00
 1.0000000000000000e+00 5.0980392156862742e-01 0.0000000000000000e+00
 1.0000000000000000e+00 5.1372549019607838e-01 0.0000000000000000e+00
 1.0000000000000000e+00 5.1764705882352946e-01 0.0000000000000000e+00
 1.0000000000000000e+00 5.2156862745098043e-01 0.0000000000000000e+00
 1.0000000000000000e+00 5.2549019607843139e-01 0.0000000000000000e+00
 1.0000000000000000e+00 5.2941176470588236e-01 0.0000000000000000e+00
 1.0000000000000000e+00 5.3333333333333333e-01 0.0000000000000000e+00
 1.0000000000000000e+00 5.3725490196078429e-01 0.0000000000000000e+00
 1.0000000000000000e+00 5.4117647058823526e-01 0.0000000000000000e+00
 1.0000000000000000e+00 5.4509803921568623e-01 0.0000000000000000e+00
 1.0000000000000000e+00 5.4901960784313730e-01 0.0000000000000000e+00
 1.0000000000000000e+00 5.5294117647058827e-01 0.0000000000000000e+00
 1.0000000000000000e+00 5.5686274509803924e-01 0.0000000000000000e+00
 1.0000000000000000e+00 5.6078431372549020e-01 0.0000000000000000e+00
 1.0000000000000000e+00 5.6470588235294117e-01 0.0000000000000000e+00
 1.0000000000000000e+00 5.6862745098039214e-01 0.0000000000000000e+00
 1.0000000000000000e+00 5.7254901960784310e-01 0.0000000000000000e+00
 1.0000000000000000e+00 5.7647058823529407e-01 0.0000000000000000e+00
 1.0000000000000000e+00 5.8039215686274515e-01 0.0000000000000000e+00
 1.0000000000000000e+00 5.8431372549019611e-01 0.0000000000000000e+00
 1.0000000000000000e+00 5.8823529411764708e-01 0.0000000000000000e+00
 1.0000000000000000e+00 5.9215686274509804e-01 0.0000000000000000e+00
 1.0000000000000000e+00 5.9607843137254901e-01 0.0000000000000000e+00
 1.0000000000000000e+00 5.9999999999999998e-01 0.0000000000000000e+00
 1.0000000000000000e+00 6.0392156862745094e-01 0.0000000000000000e+00
 1.0000000000000000e+00 6.0784313725490191e-01 0.0000000000000000e+00
 1.0000000000000000e+00 6.1176470588235299e-01 0.0000000000000000e+00
 1.0000000000000000e+00 6.1568627450980395e-01 0.0000000000000000e+00
 1.0000000000000000e+00 6.1960784313725492e-01 0.0000000000000000e+00
 1.0000000000000000e+00 6.2352941176470589e-01 0.0000000000000000e+00
 1.0000000000000000e+00 6.2745098039215685e-01 0.0000000000000000e+00
 1.0000000000000000e+00 6.3137254901960782e-01 0.0000000000000000e+00
 1.0000000000000000e+00 6.3529411764705879e-01 0.0000000000000000e+00
 1.0000000000000000e+00 6.3921568627450975e-01 0.0000000000000000e+00
 1.0000000000000000e+00 6.4313725490196083e-01 0.0000000000000000e+00
 1.0000000000000000e+00 6.4705882352941180e-01 0.0000000000000000e+00
 1.0000000000000000e+00 6.5098039215686276e-01 0.0000000000000000e+00
 1.0000000000000000e+00 6.5490196078431373e-01 0.0000000000000000e+00
 1.0000000000000000e+00 6.5882352941176470e-01 0.0000000000000000e+00
 1.0000000000000000e+00 6.6274509803921566e-01 0.0000000000000000e+00
 1.0000000000000000e+00 6.6666666666666663e-01 0.0000000000000000e+00
 1.0000000000000000e+00 6.7058823529411760e-01 0.0000000000000000e+00
 1.0000000000000000e+00 6.7450980392156867e-01 0.0000000000000000e+00
 1.0000000000000000e+00 6.7843137254901964e-01 0.0000000000000000e+00
 1.0000000000000000e+00 6.8235294117647061e-01 0.0000000000000000e+00
 1.0000000000000000e+00 6.8627450980392157e-01 0.0000000000000000e+00
 1.0000000000000000e+00 6.9019607843137254e-01 0.0000000000000000e+00
 1.0000000000000000e+00 6.9411764705882351e-01 0.0000000000000000e+00
 1.0000000000000000e+00 6.9803921568627447e-01 0.0000000000000000e+00
 1.0000000000000000e+00 7.0196078431372544e-01 0.0000000000000000e+00
 1.0000000000000000e+00 7.0588235294117652e-01 0.0000000000000000e+00
 1.0000000000000000e+00 7.0980392156862748e-01 0.0000000000000000e+00
 1.0000000000000000e+00 7.1372549019607845e-01 0.0000000000000000e+00
 1.0000000000000000e+00 7.1764705882352942e-01 0.0000000000000000e+00
 1.0000000000000000e+00 7.2156862745098038e-01 0.0000000000000000e+00
 1.0000000000000000e+00 7.2549019607843135e-01 0.0000000000000000e+00
 1.0000000000000000e+00 7.2941176470588232e-01 0.0000000000000000e+00
 1.0000000000000000e+00 7.3333333333333328e-01 0.0000000000000000e+00
 1.0000000000000000e+00 7.3725490196078436e-01 0.0000000000000000e+00
 1.0000000000000000e+00 7.4117647058823533e-01 0.0000000000000000e+00
 1.0000000000000000e+00 7.4509803921568629e-01 0.0000000000000000e+00
 1.0000000000000000e+00 7.4901960784313726e-01 0.0000000000000000e+00
 1.0000000000000000e+00 7.5294117647058822e-01 0.0000000000000000e+00
 1.0000000000000000e+00 7.5686274509803919e-01 0.0000000000000000e+00
 1.0000000000000000e+00 7.6078431372549016e-01 0.0000000000000000e+00
 1.0000000000000000e+00 7.6470588235294112e-01 0.0000000000000000e+00
 1.0000000000000000e+00 7.6862745098039220e-01 0.0000000000000000e+00
 1.0000000000000000e+00 7.7254901960784317e-01 0.0000000000000000e+00
 1.0000000000000000e+00 7.7647058823529413e-01 0.0000000000000000e+00
 1.0000000000000000e+00 7.8039215686274510e-01 0.0000000000000000e+00
 1.0000000000000000e+00 7.8431372549019607e-01 0.0000000000000000e+00
 1.0000000000000000e+00 7.8823529411764703e-01 0.0000000000000000e+00
 1.0000000000000000e+00 7.9215686274509800e-01 0.0000000000000000e+00
 1.0000000000000000e+00 7.9607843137254897e-01 0.0000000000000000e+00
 1.0000000000000000e+00 8.0000000000000004e-01 0.0000000000000000e+00
 1.0000000000000000e+00 8.0392156862745101e-01 0.0000000000000000e+00
 1.0000000000000000e+00 8.0784313725490198e-01 0.0000000000000000e+00
 1.0000000000000000e+00 8.1176470588235294e-01 0.0000000000000000e+00
 1.0000000000000000e+00 8.1568627450980391e-01 0.0000000000000000e+00
 1.0000000000000000e+00 8.1960784313725488e-01 0.0000000000000000e+00
 1.0000000000000000e+00 8.2352941176470584e-01 0.0000000000000000e+00
 1.0000000000000000e+00 8.2745098039215681e-01 0.0000000000000000e+00
 1.0000000000000000e+00 8.3137254901960789e-01 0.0000000000000000e+00
 1.0000000000000000e+00 8.3529411764705885e-01 0.0000000000000000e+00
 1.0000000000000000e+00 8.3921568627450982e-01 0.0000000000000000e+00
 1.0000000000000000e+00 8.4313725490196079e-01 0.0000000000000000e+00
 1.0000000000000000e+00 8.4705882352941175e-01 0.0000000000000000e+00
 1.0000000000000000e+00 8.5098039215686272e-01 0.0000000000000000e+00
 1.0000000000000000e+00 8.5490196078431369e-01 0.0000000000000000e+00
 1.0000000000000000e+00 8.5882352941176465e-01 0.0000000000000000e+00
 1.0000000000000000e+00 8.6274509803921573e-01 0.0000000000000000e+00
 1.0000000000000000e+00 8.6666666666666670e-01 0.0000000000000000e+00
 1.0000000000000000e+00 8.7058823529411766e-01 0.0000000000000000e+00
 1.0000000000000000e+00 8.7450980392156863e-01 0.0000000000000000e+00
 1.0000000000000000e+00 8.7843137254901960e-01 0.0000000000000000e+00
 1.0000000000000000e+00 8.8235294117647056e-01 0.0000000000000000e+00
 1.0000000000000000e+00 8.8627450980392153e-01 0.0000000000000000e+00
 1.0000000000000000e+00 8.9019607843137250e-01 0.0000000000000000e+00
 1.0000000000000000e+00 8.9411764705882357e-01 0.0000000000000000e+00
 1.0000000000000000e+00 8.9803921568627454e-01 0.0000000000000000e+00
 1.0000000000000000e+00 9.0196078431372551e-01 0.0000000000000000e+00
 1.0000000000000000e+00 9.0588235294117647e-01 0.0000000000000000e+00
 1.0000000000000000e+00 9.0980392156862744e-01 0.0000000000000000e+00
 1.0000000000000000e+00 9.1372549019607840e-01 0.0000000000000000e+00
 1.0000000000000000e+00 9.1764705882352937e-01 0.0000000000000000e+00
 1.0000000000000000e+00 9.2156862745098034e-01 0.0000000000000000e+00
 1.0000000000000000e+00 9.2549019607843142e-01 0.0000000000000000e+00
 1.0000000000000000e+00 9.2941176470588238e-01 0.0000000000000000e+00
 1.0000000000000000e+00 9.3333333333333335e-01 0.0000000000000000e+00
 1.0000000000000000e+00 9.3725490196078431e-01 0.0000000000000000e+00
 1.0000000000000000e+00 9.4117647058823528e-01 0.0000000000000000e+00
 1.0000000000000000e+00 9.4509803921568625e-01 0.0000000000000000e+00
 1.0000000000000000e+00 9.4901960784313721e-01 0.0000000000000000e+00
 1.0000000000000000e+00 9.5294117647058818e-01 0.0000000000000000e+00
 1.0000000000000000e+00 9.5686274509803926e-01 0.0000000000000000e+00
 1.0000000000000000e+00 9.6078431372549022e-01 0.0000000000000000e+00
 1.0000000000000000e+00 9.6470588235294119e-01 0.0000000000000000e+00
 1.0000000000000000e+00 9.6862745098039216e-01 0.0000000000000000e+00
 1.0000000000000000e+00 9.7254901960784312e-01 0.0000000000000000e+00
 1.0000000000000000e+00 9.7647058823529409e-01 0.0000000000000000e+00
 1.0000000000000000e+00 9.8039215686274506e-01 0.0000000000000000e+00
 1.0000000000000000e+00 9.8431372549019602e-01 0.0000000000000000e+00
 1.0000000000000000e+00 9.8823529411764710e-01 0.0000000000000000e+00
 1.0000000000000000e+00 9.9215686274509807e-01 0.0000000000000000e+00
 1.0000000000000000e+00 9.9607843137254903e-01 0.0000000000000000e+00
 1.0000000000000000e+00 1.0000000000000000e+00 0.0000000000000000e+00
