 0.0000000000000000e+00 0.0000000000000000e+00 1.3020833333333333e-03
 3.4313725490196078e-03 3.4313725490196078e-03 6.0355392156862739e-03
 6.8627450980392156e-03 6.8627450980392156e-03 1.0768995098039216e-02
 1.0294117647058823e-02 1.0294117647058823e-02 1.5502450980392157e-02
 1.3725490196078431e-02 1.3725490196078431e-02 2.0235906862745099e-02
 1.7156862745098041e-02 1.7156862745098041e-02 2.4969362745098041e-02
 2.0588235294117647e-02 2.0588235294117647e-02 2.9702818627450979e-02
 2.4019607843137253e-02 2.4019607843137253e-02 3.4436274509803917e-02
 2.7450980392156862e-02 2.7450980392156862e-02 3.9169730392156862e-02
 3.0882352941176472e-02 3.0882352941176472e-02 4.3903186274509808e-02
 3.4313725490196081e-02 3.4313725490196081e-02 4.8636642156862746e-02
 3.7745098039215684e-02 3.7745098039215684e-02 5.3370098039215684e-02
 4.1176470588235294e-02 4.1176470588235294e-02 5.8103553921568629e-02
 4.4607843137254903e-02 4.4607843137254903e-02 6.2837009803921567e-02
 4.8039215686274506e-02 4.8039215686274506e-02 6.7570465686274506e-02
 5.1470588235294115e-02 5.1470588235294115e-02 7.2303921568627444e-02
 5.4901960784313725e-02 5.4901960784313725e-02 7.7037377450980396e-02
 5.8333333333333334e-02 5.8333333333333334e-02 8.1770833333333334e-02
 6.1764705882352944e-02 6.1764705882352944e-02 8.6504289215686272e-02
 6.5196078431372553e-02 6.5196078431372553e-02 9.1237745098039225e-02
 6.8627450980392163e-02 6.8627450980392163e-02 9.5971200980392163e-02
 7.2058823529411759e-02 7.2058823529411759e-02 1.0070465686274509e-01
 7.5490196078431368e-02 7.5490196078431368e-02 1.0543811274509804e-01
 7.8921568627450978e-02 7.8921568627450978e-02 1.1017156862745098e-01
 8.2352941176470587e-02 8.2352941176470587e-02 1.1490502450980392e-01
 8.5784313725490197e-02 8.5784313725490197e-02 1.1963848039215685e-01
 8.9215686274509806e-02 8.9215686274509806e-02 1.2437193627450981e-01
 9.2647058823529416e-02 9.2647058823529416e-02 1.2910539215686276e-01
 9.6078431372549011e-02 9.6078431372549011e-02 1.3383884803921567e-01
 9.9509803921568621e-02 9.9509803921568621e-02 1.3857230392156861e-01
 1.0294117647058823e-01 1.0294117647058823e-01 1.4330575980392157e-01
 1.0637254901960784e-01 1.0637254901960784e-01 1.4803921568627451e-01
 1.0980392156862745e-01 1.0980392156862745e-01 1.5277267156862745e-01
 1.1323529411764707e-01 1.1323529411764707e-01 1.5750612745098042e-01
 1.1666666666666667e-01 1.1666666666666667e-01 1.6223958333333333e-01
 1.2009803921568629e-01 1.2009803921568629e-01 1.6697303921568629e-01
 1.2352941176470589e-01 1.2352941176470589e-01 1.7170649509803923e-01
 1.2696078431372551e-01 1.2696078431372551e-01 1.7643995098039217e-01
 1.3039215686274511e-01 1.3039215686274511e-01 1.8117340686274511e-01
 1.3382352941176473e-01 1.3382352941176473e-01 1.8590686274509807e-01
 1.3725490196078433e-01 1.3725490196078433e-01 1.9064031862745098e-01
 1.4068627450980392e-01 1.4068627450980392e-01 1.9537377450980392e-01
 1.4411764705882352e-01 1.4411764705882352e-01 2.0010723039215686e-01
 1.4754901960784314e-01 1.4754901960784314e-01 2.0484068627450980e-01
 1.5098039215686274e-01 1.5098039215686274e-01 2.0957414215686274e-01
 1.5441176470588236e-01 1.5441176470588236e-01 2.1430759803921570e-01
 1.5784313725490196e-01 1.5784313725490196e-01 2.1904105392156861e-01
 1.6127450980392158e-01 1.6127450980392158e-01 2.2377450980392158e-01
 1.6470588235294117e-01 1.6470588235294117e-01 2.2850796568627452e-01
 1.6813725490196080e-01 1.6813725490196080e-01 2.3324142156862748e-01
 1.7156862745098039e-01 1.7156862745098039e-01 2.3797487745098039e-01
 1.7500000000000002e-01 1.7500000000000002e-01 2.4270833333333336e-01
 1.7843137254901961e-01 1.7843137254901961e-01 2.4744178921568627e-01
 1.8186274509803924e-01 1.8186274509803924e-01 2.5217524509803924e-01
 1.8529411764705883e-01 1.8529411764705883e-01 2.5690870098039215e-01
 1.8872549019607843e-01 1.8872549019607843e-01 2.6164215686274511e-01
 1.9215686274509802e-01 1.9215686274509802e-01 2.6637561274509802e-01
 1.9558823529411765e-01 1.9558823529411765e-01 2.7110906862745099e-01
 1.9901960784313724e-01 1.9901960784313724e-01 2.7584252450980390e-01
 2.0245098039215687e-01 2.0245098039215687e-01 2.8057598039215687e-01
 2.0588235294117646e-01 2.0588235294117646e-01 2.8530943627450978e-01
 2.0931372549019608e-01 2.0931372549019608e-01 2.9004289215686274e-01
 2.1274509803921568e-01 2.1274509803921568e-01 2.9477634803921571e-01
 2.1617647058823530e-01 2.1617647058823530e-01 2.9950980392156862e-01
 2.1960784313725490e-01 2.1960784313725490e-01 3.0424325980392158e-01
 2.2303921568627449e-01 2.2303921568627449e-01 3.0897671568627449e-01
 2.2647058823529415e-01 2.2647058823529415e-01 3.1371017156862746e-01
 2.2990196078431374e-01 2.2990196078431374e-01 3.1844362745098043e-01
 2.3333333333333334e-01 2.3333333333333334e-01 3.2317708333333334e-01
 2.3676470588235293e-01 2.3676470588235293e-01 3.2791053921568625e-01
 2.4019607843137258e-01 2.4019607843137258e-01 3.3264399509803927e-01
 2.4362745098039218e-01 2.4362745098039218e-01 3.3737745098039218e-01
 2.4705882352941178e-01 2.4705882352941178e-01 3.4211090686274509e-01
 2.5049019607843137e-01 2.5049019607843137e-01 3.4684436274509806e-01
 2.5392156862745102e-01 2.5392156862745102e-01 3.5157781862745102e-01
 2.5735294117647062e-01 2.5735294117647062e-01 3.5631127450980393e-01
 2.6078431372549021e-01 2.6078431372549021e-01 3.6104473039215690e-01
 2.6421568627450981e-01 2.6421568627450981e-01 3.6577818627450981e-01
 2.6764705882352946e-01 2.6764705882352946e-01 3.7051164215686277e-01
 2.7107843137254906e-01 2.7107843137254906e-01 3.7524509803921574e-01
 2.7450980392156865e-01 2.7450980392156865e-01 3.7997855392156865e-01
 2.7794117647058825e-01 2.7794117647058825e-01 3.8471200980392156e-01
 2.8137254901960784e-01 2.8137254901960784e-01 3.8944546568627453e-01
 2.8480392156862744e-01 2.8480392156862744e-01 3.9417892156862744e-01
 2.8823529411764703e-01 2.8823529411764703e-01 3.9891237745098035e-01
 2.9166666666666663e-01 2.9166666666666663e-01 4.0364583333333331e-01
 2.9509803921568628e-01 2.9509803921568628e-01 4.0837928921568628e-01
 2.9852941176470588e-01 2.9852941176470588e-01 4.1311274509803919e-01
 3.0196078431372547e-01 3.0196078431372547e-01 4.1784620098039216e-01
 3.0539215686274507e-01 3.0539215686274507e-01 4.2257965686274507e-01
 3.0882352941176472e-01 3.0882352941176472e-01 4.2731311274509803e-01
 3.1225490196078431e-01 3.1225490196078431e-01 4.3204656862745100e-01
 3.1568627450980391e-01 3.1568627450980391e-01 4.3678002450980391e-01
 3.1911764705882351e-01 3.1911764705882351e-01 4.4151348039215682e-01
 3.2254901960784316e-01 3.2254901960784316e-01 4.4624693627450984e-01
 3.2598039215686275e-01 3.2598039215686275e-01 4.5098039215686275e-01
 3.2941176470588235e-01 3.3071384803921566e-01 4.5441176470588235e-01
 3.3284313725490194e-01 3.3544730392156863e-01 4.5784313725490194e-01
 3.3627450980392160e-01 3.4018075980392160e-01 4.6127450980392160e-01
 3.3970588235294119e-01 3.4491421568627451e-01 4.6470588235294119e-01
 3.4313725490196079e-01 3.4964767156862747e-01 4.6813725490196079e-01
 3.4656862745098038e-01 3.5438112745098038e-01 4.7156862745098038e-01
 3.5000000000000003e-01 3.5911458333333335e-01 4.7500000000000003e-01
 3.5343137254901963e-01 3.6384803921568631e-01 4.7843137254901963e-01
 3.5686274509803922e-01 3.6858149509803922e-01 4.8186274509803922e-01
 3.6029411764705882e-01 3.7331495098039214e-01 4.8529411764705882e-01
 3.6372549019607847e-01 3.7804840686274516e-01 4.8872549019607847e-01
 3.6715686274509807e-01 3.8278186274509807e-01 4.9215686274509807e-01
 3.7058823529411766e-01 3.8751531862745098e-01 4.9558823529411766e-01
 3.7401960784313726e-01 3.9224877450980394e-01 4.9901960784313726e-01
 3.7745098039215685e-01 3.9698223039215685e-01 5.0245098039215685e-01
 3.8088235294117645e-01 4.0171568627450976e-01 5.0588235294117645e-01
 3.8431372549019605e-01 4.0644914215686273e-01 5.0931372549019605e-01
 3.8774509803921564e-01 4.1118259803921564e-01 5.1274509803921564e-01
 3.9117647058823529e-01 4.1591605392156861e-01 5.1617647058823524e-01
 3.9460784313725489e-01 4.2064950980392157e-01 5.1960784313725483e-01
 3.9803921568627448e-01 4.2538296568627448e-01 5.2303921568627443e-01
 4.0147058823529408e-01 4.3011642156862739e-01 5.2647058823529402e-01
 4.0490196078431373e-01 4.3484987745098042e-01 5.2990196078431373e-01
 4.0833333333333333e-01 4.3958333333333333e-01 5.3333333333333333e-01
 4.1176470588235292e-01 4.4431678921568624e-01 5.3676470588235292e-01
 4.1519607843137252e-01 4.4905024509803920e-01 5.4019607843137252e-01
 4.1862745098039217e-01 4.5378370098039217e-01 5.4362745098039222e-01
 4.2205882352941176e-01 4.5851715686274508e-01 5.4705882352941182e-01
 4.2549019607843136e-01 4.6325061274509804e-01 5.5049019607843142e-01
 4.2892156862745096e-01 4.6798406862745096e-01 5.5392156862745101e-01
 4.3235294117647061e-01 4.7271752450980392e-01 5.5735294117647061e-01
 4.3578431372549020e-01 4.7745098039215689e-01 5.6078431372549020e-01
 4.3921568627450980e-01 4.8218443627450980e-01 5.6421568627450980e-01
 4.4264705882352939e-01 4.8691789215686271e-01 5.6764705882352939e-01
 4.4607843137254899e-01 4.9165134803921567e-01 5.7107843137254899e-01
 4.4950980392156858e-01 4.9638480392156858e-01 5.7450980392156858e-01
 4.5294117647058829e-01 5.0111825980392166e-01 5.7794117647058829e-01
 4.5637254901960789e-01 5.0585171568627452e-01 5.8137254901960789e-01
 4.5980392156862748e-01 5.1058517156862748e-01 5.8480392156862748e-01
 4.6323529411764708e-01 5.1531862745098045e-01 5.8823529411764708e-01
 4.6666666666666667e-01 5.2005208333333330e-01 5.9166666666666667e-01
 4.7009803921568627e-01 5.2478553921568627e-01 5.9509803921568627e-01
 4.7352941176470587e-01 5.2951899509803924e-01 5.9852941176470587e-01
 4.7696078431372546e-01 5.3425245098039209e-01 6.0196078431372546e-01
 4.8039215686274517e-01 5.3898590686274517e-01 6.0539215686274517e-01
 4.8382352941176476e-01 5.4371936274509813e-01 6.0882352941176476e-01
 4.8725490196078436e-01 5.4845281862745099e-01 6.1225490196078436e-01
 4.9068627450980395e-01 5.5318627450980395e-01 6.1568627450980395e-01
 4.9411764705882355e-01 5.5791973039215692e-01 6.1911764705882355e-01
 4.9754901960784315e-01 5.6265318627450978e-01 6.2254901960784315e-01
 5.0098039215686274e-01 5.6738664215686274e-01 6.2598039215686274e-01
 5.0441176470588234e-01 5.7212009803921571e-01 6.2941176470588234e-01
 5.0784313725490204e-01 5.7685355392156867e-01 6.3284313725490204e-01
 5.1127450980392164e-01 5.8158700980392164e-01 6.3627450980392164e-01
 5.1470588235294124e-01 5.8632046568627461e-01 6.3970588235294124e-01
 5.1813725490196083e-01 5.9105392156862746e-01 6.4313725490196083e-01
 5.2156862745098043e-01 5.9578737745098043e-01 6.4656862745098043e-01
 5.2500000000000002e-01 6.0052083333333339e-01 6.5000000000000002e-01
 5.2843137254901962e-01 6.0525428921568625e-01 6.5343137254901962e-01
 5.3186274509803921e-01 6.0998774509803921e-01 6.5686274509803921e-01
 5.3529411764705892e-01 6.1472120098039229e-01 6.6029411764705892e-01
 5.3872549019607852e-01 6.1945465686274515e-01 6.6372549019607852e-01
 5.4215686274509811e-01 6.2418811274509811e-01 6.6715686274509811e-01
 5.4558823529411771e-01 6.2892156862745108e-01 6.7058823529411771e-01
 5.4901960784313730e-01 6.3365502450980393e-01 6.7401960784313730e-01
 5.5245098039215690e-01 6.3838848039215690e-01 6.7745098039215690e-01
 5.5588235294117649e-01 6.4312193627450986e-01 6.8088235294117649e-01
 5.5931372549019609e-01 6.4785539215686272e-01 6.8431372549019609e-01
 5.6274509803921569e-01 6.5258884803921569e-01 6.8774509803921569e-01
 5.6617647058823528e-01 6.5732230392156865e-01 6.9117647058823528e-01
 5.6960784313725488e-01 6.6205575980392151e-01 6.9460784313725488e-01
 5.7303921568627447e-01 6.6678921568627447e-01 6.9803921568627447e-01
 5.7647058823529407e-01 6.7152267156862744e-01 7.0147058823529407e-01
 5.7990196078431366e-01 6.7625612745098029e-01 7.0490196078431366e-01
 5.8333333333333326e-01 6.8098958333333326e-01 7.0833333333333326e-01
 5.8676470588235285e-01 6.8572303921568623e-01 7.1176470588235285e-01
 5.9019607843137256e-01 6.9045649509803919e-01 7.1519607843137256e-01
 5.9362745098039216e-01 6.9518995098039216e-01 7.1862745098039216e-01
 5.9705882352941175e-01 6.9992340686274512e-01 7.2205882352941175e-01
 6.0049019607843135e-01 7.0465686274509798e-01 7.2549019607843135e-01
 6.0392156862745094e-01 7.0939031862745094e-01 7.2892156862745094e-01
 6.0735294117647054e-01 7.1412377450980391e-01 7.3235294117647054e-01
 6.1078431372549014e-01 7.1885723039215677e-01 7.3578431372549014e-01
 6.1421568627450973e-01 7.2359068627450973e-01 7.3921568627450973e-01
 6.1764705882352944e-01 7.2832414215686281e-01 7.4264705882352944e-01
 6.2107843137254903e-01 7.3305759803921566e-01 7.4607843137254903e-01
 6.2450980392156863e-01 7.3779105392156863e-01 7.4950980392156863e-01
 6.2794117647058822e-01 7.4252450980392160e-01 7.5294117647058822e-01
 6.3137254901960782e-01 7.4725796568627445e-01 7.5637254901960782e-01
 6.3480392156862742e-01 7.5199142156862742e-01 7.5980392156862742e-01
 6.3823529411764701e-01 7.5672487745098038e-01 7.6323529411764701e-01
 6.4166666666666661e-01 7.6145833333333324e-01 7.6666666666666661e-01
 6.4509803921568631e-01 7.6619178921568631e-01 7.7009803921568631e-01
 6.4852941176470591e-01 7.7092524509803928e-01 7.7352941176470591e-01
 6.5196078431372551e-01 7.7565870098039214e-01 7.7696078431372551e-01
 6.5539215686274510e-01 7.8039215686274510e-01 7.8039215686274510e-01
 6.6077665441176470e-01 7.8382352941176470e-01 7.8382352941176470e-01
 6.6616115196078429e-01 7.8725490196078429e-01 7.8725490196078429e-01
 6.7154564950980389e-01 7.9068627450980389e-01 7.9068627450980389e-01
 6.7693014705882348e-01 7.9411764705882348e-01 7.9411764705882348e-01
 6.8231464460784319e-01 7.9754901960784319e-01 7.9754901960784319e-01
 6.8769914215686279e-01 8.0098039215686279e-01 8.0098039215686279e-01
 6.9308363970588238e-01 8.0441176470588238e-01 8.0441176470588238e-01
 6.9846813725490198e-01 8.0784313725490198e-01 8.0784313725490198e-01
 7.0385263480392157e-01 8.1127450980392157e-01 8.1127450980392157e-01
 7.0923713235294117e-01 8.1470588235294117e-01 8.1470588235294117e-01
 7.1462162990196076e-01 8.1813725490196076e-01 8.1813725490196076e-01
 7.2000612745098036e-01 8.2156862745098036e-01 8.2156862745098036e-01
 7.2539062500000007e-01 8.2500000000000007e-01 8.2500000000000007e-01
 7.3077512254901966e-01 8.2843137254901966e-01 8.2843137254901966e-01
 7.3615962009803926e-01 8.3186274509803926e-01 8.3186274509803926e-01
 7.4154411764705885e-01 8.3529411764705885e-01 8.3529411764705885e-01
 7.4692861519607845e-01 8.3872549019607845e-01 8.3872549019607845e-01
 7.5231311274509804e-01 8.4215686274509804e-01 8.4215686274509804e-01
 7.5769761029411764e-01 8.4558823529411764e-01 8.4558823529411764e-01
 7.6308210784313724e-01 8.4901960784313724e-01 8.4901960784313724e-01
 7.6846660539215694e-01 8.5245098039215694e-01 8.5245098039215694e-01
 7.7385110294117654e-01 8.5588235294117654e-01 8.5588235294117654e-01
 7.7923560049019613e-01 8.5931372549019613e-01 8.5931372549019613e-01
 7.8462009803921573e-01 8.6274509803921573e-01 8.6274509803921573e-01
 7.9000459558823533e-01 8.6617647058823533e-01 8.6617647058823533e-01
 7.9538909313725492e-01 8.6960784313725492e-01 8.6960784313725492e-01
 8.0077359068627452e-01 8.7303921568627452e-01 8.7303921568627452e-01
 8.0615808823529411e-01 8.7647058823529411e-01 8.7647058823529411e-01
 8.1154258578431371e-01 8.7990196078431371e-01 8.7990196078431371e-01
 8.1692708333333330e-01 8.8333333333333330e-01 8.8333333333333330e-01
 8.2231158088235290e-01 8.8676470588235290e-01 8.8676470588235290e-01
 8.2769607843137250e-01 8.9019607843137250e-01 8.9019607843137250e-01
 8.3308057598039209e-01 8.9362745098039209e-01 8.9362745098039209e-01
 8.3846507352941169e-01 8.9705882352941169e-01 8.9705882352941169e-01
 8.4384957107843128e-01 9.0049019607843128e-01 9.0049019607843128e-01
 8.4923406862745088e-01 9.0392156862745088e-01 9.0392156862745088e-01
 8.5461856617647058e-01 9.0735294117647058e-01 9.0735294117647058e-01
 8.6000306372549018e-01 9.1078431372549018e-01 9.1078431372549018e-01
 8.6538756127450978e-01 9.1421568627450978e-01 9.1421568627450978e-01
 8.7077205882352937e-01 9.1764705882352937e-01 9.1764705882352937e-01
 8.7615655637254897e-01 9.2107843137254897e-01 9.2107843137254897e-01
 8.8154105392156856e-01 9.2450980392156856e-01 9.2450980392156856e-01
 8.8692555147058816e-01 9.2794117647058816e-01 9.2794117647058816e-01
 8.9231004901960775e-01 9.3137254901960775e-01 9.3137254901960775e-01
 8.9769454656862746e-01 9.3480392156862746e-01 9.3480392156862746e-01
 9.0307904411764706e-01 9.3823529411764706e-01 9.3823529411764706e-01
 9.0846354166666665e-01 9.4166666666666665e-01 9.4166666666666665e-01
 9.1384803921568625e-01 9.4509803921568625e-01 9.4509803921568625e-01
 9.1923253676470584e-01 9.4852941176470584e-01 9.4852941176470584e-01
 9.2461703431372544e-01 9.5196078431372544e-01 9.5196078431372544e-01
 9.3000153186274503e-01 9.5539215686274503e-01 9.5539215686274503e-01
 9.3538602941176463e-01 9.5882352941176463e-01 9.5882352941176463e-01
 9.4077052696078434e-01 9.6225490196078434e-01 9.6225490196078434e-01
 9.4615502450980393e-01 9.6568627450980393e-01 9.6568627450980393e-01
 9.5153952205882353e-01 9.6911764705882353e-01 9.6911764705882353e-01
 9.5692401960784312e-01 9.7254901960784312e-01 9.7254901960784312e-01
 9.6230851715686272e-01 9.7598039215686272e-01 9.7598039215686272e-01
 9.6769301470588232e-01 9.7941176470588232e-01 9.7941176470588232e-01
 9.7307751225490191e-01 9.8284313725490191e-01 9.8284313725490191e-01
 9.7846200980392151e-01 9.8627450980392151e-01 9.8627450980392151e-01
 9.8384650735294121e-01 9.8970588235294121e-01 9.8970588235294121e-01
 9.8923100490196081e-01 9.9313725490196081e-01 9.9313725490196081e-01
 9.9461550245098040e-01 9.9656862745098040e-01 9.9656862745098040e-01
 1.0000000000000000e+00 1.0000000000000000e+00 1.0000000000000000e+00
