 0.0000000000000000e+00 0.0000000000000000e+00 0.0000000000000000e+00
 4.9019607843137254e-03 3.0635294117647058e-03 1.9509803921568627e-03
 9.8039215686274508e-03 6.1270588235294117e-03 3.9019607843137254e-03
 1.4705882352941176e-02 9.1905882352941171e-03 5.8529411764705885e-03
 1.9607843137254902e-02 1.2254117647058823e-02 7.8039215686274508e-03
 2.4509803921568627e-02 1.5317647058823530e-02 9.7549019607843131e-03
 2.9411764705882353e-02 1.8381176470588234e-02 1.1705882352941177e-02
 3.4313725490196081e-02 2.1444705882352942e-02 1.3656862745098039e-02
 3.9215686274509803e-02 2.4508235294117647e-02 1.5607843137254902e-02
 4.4117647058823525e-02 2.7571764705882351e-02 1.7558823529411766e-02
 4.9019607843137254e-02 3.0635294117647059e-02 1.9509803921568626e-02
 5.3921568627450983e-02 3.3698823529411767e-02 2.1460784313725490e-02
 5.8823529411764705e-02 3.6762352941176468e-02 2.3411764705882354e-02
 6.3725490196078427e-02 3.9825882352941176e-02 2.5362745098039215e-02
 6.8627450980392163e-02 4.2889411764705884e-02 2.7313725490196079e-02
 7.3529411764705885e-02 4.5952941176470585e-02 2.9264705882352939e-02
 7.8431372549019607e-02 4.9016470588235293e-02 3.1215686274509803e-02
 8.3333333333333329e-02 5.2080000000000001e-02 3.3166666666666664e-02
 8.8235294117647051e-02 5.5143529411764702e-02 3.5117647058823531e-02
 9.3137254901960786e-02 5.8207058823529410e-02 3.7068627450980392e-02
 9.8039215686274508e-02 6.1270588235294118e-02 3.9019607843137252e-02
 1.0294117647058823e-01 6.4334117647058819e-02 4.0970588235294120e-02
 1.0784313725490197e-01 6.7397647058823534e-02 4.2921568627450980e-02
 1.1274509803921569e-01 7.0461176470588235e-02 4.4872549019607841e-02
 1.1764705882352941e-01 7.3524705882352936e-02 4.6823529411764708e-02
 1.2254901960784313e-01 7.6588235294117651e-02 4.8774509803921569e-02
 1.2745098039215685e-01 7.9651764705882352e-02 5.0725490196078429e-02
 1.3235294117647059e-01 8.2715294117647054e-02 5.2676470588235290e-02
 1.3725490196078433e-01 8.5778823529411768e-02 5.4627450980392157e-02
 1.4215686274509803e-01 8.8842352941176470e-02 5.6578431372549018e-02
 1.4705882352941177e-01 9.1905882352941171e-02 5.8529411764705878e-02
 1.5196078431372548e-01 9.4969411764705886e-02 6.0480392156862746e-02
 1.5686274509803921e-01 9.8032941176470587e-02 6.2431372549019606e-02
 1.6176470588235295e-01 1.0109647058823530e-01 6.4382352941176474e-02
 1.6666666666666666e-01 1.0416000000000000e-01 6.6333333333333327e-02
 1.7156862745098039e-01 1.0722352941176472e-01 6.8284313725490195e-02
 1.7647058823529410e-01 1.1028705882352940e-01 7.0235294117647062e-02
 1.8137254901960786e-01 1.1335058823529413e-01 7.2186274509803930e-02
 1.8627450980392157e-01 1.1641411764705882e-01 7.4137254901960783e-02
 1.9117647058823531e-01 1.1947764705882354e-01 7.6088235294117651e-02
 1.9607843137254902e-01 1.2254117647058824e-01 7.8039215686274505e-02
 2.0098039215686275e-01 1.2560470588235295e-01 7.9990196078431372e-02
 2.0588235294117646e-01 1.2866823529411764e-01 8.1941176470588239e-02
 2.1078431372549022e-01 1.3173176470588235e-01 8.3892156862745107e-02
 2.1568627450980393e-01 1.3479529411764707e-01 8.5843137254901961e-02
 2.2058823529411767e-01 1.3785882352941178e-01 8.7794117647058828e-02
 2.2549019607843138e-01 1.4092235294117647e-01 8.9745098039215682e-02
 2.3039215686274511e-01 1.4398588235294119e-01 9.1696078431372549e-02
 2.3529411764705882e-01 1.4704941176470587e-01 9.3647058823529417e-02
 2.4019607843137256e-01 1.5011294117647059e-01 9.5598039215686284e-02
 2.4509803921568626e-01 1.5317647058823530e-01 9.7549019607843138e-02
 2.5000000000000000e-01 1.5624000000000002e-01 9.9500000000000005e-02
 2.5490196078431371e-01 1.5930352941176470e-01 1.0145098039215686e-01
 2.5980392156862747e-01 1.6236705882352942e-01 1.0340196078431373e-01
 2.6470588235294118e-01 1.6543058823529411e-01 1.0535294117647058e-01
 2.6960784313725494e-01 1.6849411764705882e-01 1.0730392156862746e-01
 2.7450980392156865e-01 1.7155764705882354e-01 1.0925490196078431e-01
 2.7941176470588236e-01 1.7462117647058825e-01 1.1120588235294118e-01
 2.8431372549019607e-01 1.7768470588235294e-01 1.1315686274509804e-01
 2.8921568627450983e-01 1.8074823529411765e-01 1.1510784313725490e-01
 2.9411764705882354e-01 1.8381176470588234e-01 1.1705882352941176e-01
 2.9901960784313725e-01 1.8687529411764706e-01 1.1900980392156864e-01
 3.0392156862745096e-01 1.8993882352941177e-01 1.2096078431372549e-01
 3.0882352941176472e-01 1.9300235294117649e-01 1.2291176470588236e-01
 3.1372549019607843e-01 1.9606588235294117e-01 1.2486274509803921e-01
 3.1862745098039214e-01 1.9912941176470586e-01 1.2681372549019607e-01
 3.2352941176470590e-01 2.0219294117647060e-01 1.2876470588235295e-01
 3.2843137254901961e-01 2.0525647058823529e-01 1.3071568627450980e-01
 3.3333333333333331e-01 2.0832000000000001e-01 1.3266666666666665e-01
 3.3823529411764702e-01 2.1138352941176469e-01 1.3461764705882351e-01
 3.4313725490196079e-01 2.1444705882352944e-01 1.3656862745098039e-01
 3.4803921568627449e-01 2.1751058823529412e-01 1.3851960784313727e-01
 3.5294117647058820e-01 2.2057411764705881e-01 1.4047058823529412e-01
 3.5784313725490191e-01 2.2363764705882352e-01 1.4242156862745098e-01
 3.6274509803921573e-01 2.2670117647058827e-01 1.4437254901960786e-01
 3.6764705882352944e-01 2.2976470588235295e-01 1.4632352941176471e-01
 3.7254901960784315e-01 2.3282823529411764e-01 1.4827450980392157e-01
 3.7745098039215685e-01 2.3589176470588233e-01 1.5022549019607842e-01
 3.8235294117647062e-01 2.3895529411764707e-01 1.5217647058823530e-01
 3.8725490196078433e-01 2.4201882352941179e-01 1.5412745098039216e-01
 3.9215686274509803e-01 2.4508235294117647e-01 1.5607843137254901e-01
 3.9705882352941174e-01 2.4814588235294116e-01 1.5802941176470586e-01
 4.0196078431372551e-01 2.5120941176470590e-01 1.5998039215686274e-01
 4.0686274509803921e-01 2.5427294117647059e-01 1.6193137254901963e-01
 4.1176470588235292e-01 2.5733647058823528e-01 1.6388235294117648e-01
 4.1666666666666663e-01 2.6039999999999996e-01 1.6583333333333333e-01
 4.2156862745098045e-01 2.6346352941176471e-01 1.6778431372549021e-01
 4.2647058823529416e-01 2.6652705882352939e-01 1.6973529411764707e-01
 4.3137254901960786e-01 2.6959058823529414e-01 1.7168627450980392e-01
 4.3627450980392157e-01 2.7265411764705882e-01 1.7363725490196077e-01
 4.4117647058823534e-01 2.7571764705882357e-01 1.7558823529411766e-01
 4.4607843137254904e-01 2.7878117647058825e-01 1.7753921568627451e-01
 4.5098039215686275e-01 2.8184470588235294e-01 1.7949019607843136e-01
 4.5588235294117646e-01 2.8490823529411763e-01 1.8144117647058822e-01
 4.6078431372549022e-01 2.8797176470588237e-01 1.8339215686274510e-01
 4.6568627450980393e-01 2.9103529411764706e-01 1.8534313725490195e-01
 4.7058823529411764e-01 2.9409882352941175e-01 1.8729411764705883e-01
 4.7549019607843135e-01 2.9716235294117643e-01 1.8924509803921569e-01
 4.8039215686274511e-01 3.0022588235294118e-01 1.9119607843137257e-01
 4.8529411764705882e-01 3.0328941176470592e-01 1.9314705882352942e-01
 4.9019607843137253e-01 3.0635294117647061e-01 1.9509803921568628e-01
 4.9509803921568624e-01 3.0941647058823529e-01 1.9704901960784313e-01
 5.0000000000000000e-01 3.1248000000000004e-01 1.9900000000000001e-01
 5.0490196078431371e-01 3.1554352941176472e-01 2.0095098039215686e-01
 5.0980392156862742e-01 3.1860705882352941e-01 2.0290196078431372e-01
 5.1470588235294112e-01 3.2167058823529410e-01 2.0485294117647057e-01
 5.1960784313725494e-01 3.2473411764705884e-01 2.0680392156862745e-01
 5.2450980392156865e-01 3.2779764705882353e-01 2.0875490196078431e-01
 5.2941176470588236e-01 3.3086117647058821e-01 2.1070588235294116e-01
 5.3431372549019607e-01 3.3392470588235290e-01 2.1265686274509804e-01
 5.3921568627450989e-01 3.3698823529411764e-01 2.1460784313725492e-01
 5.4411764705882359e-01 3.4005176470588239e-01 2.1655882352941178e-01
 5.4901960784313730e-01 3.4311529411764707e-01 2.1850980392156863e-01
 5.5392156862745101e-01 3.4617882352941176e-01 2.2046078431372548e-01
 5.5882352941176472e-01 3.4924235294117650e-01 2.2241176470588236e-01
 5.6372549019607843e-01 3.5230588235294119e-01 2.2436274509803922e-01
 5.6862745098039214e-01 3.5536941176470588e-01 2.2631372549019607e-01
 5.7352941176470584e-01 3.5843294117647057e-01 2.2826470588235293e-01
 5.7843137254901966e-01 3.6149647058823531e-01 2.3021568627450981e-01
 5.8333333333333337e-01 3.6456000000000000e-01 2.3216666666666666e-01
 5.8823529411764708e-01 3.6762352941176468e-01 2.3411764705882351e-01
 5.9313725490196079e-01 3.7068705882352943e-01 2.3606862745098037e-01
 5.9803921568627449e-01 3.7375058823529411e-01 2.3801960784313728e-01
 6.0294117647058820e-01 3.7681411764705885e-01 2.3997058823529413e-01
 6.0784313725490191e-01 3.7987764705882354e-01 2.4192156862745098e-01
 6.1274509803921562e-01 3.8294117647058823e-01 2.4387254901960784e-01
 6.1764705882352944e-01 3.8600470588235297e-01 2.4582352941176472e-01
 6.2254901960784315e-01 3.8906823529411766e-01 2.4777450980392157e-01
 6.2745098039215685e-01 3.9213176470588235e-01 2.4972549019607843e-01
 6.3235294117647056e-01 3.9519529411764703e-01 2.5167647058823528e-01
 6.3725490196078427e-01 3.9825882352941172e-01 2.5362745098039213e-01
 6.4215686274509798e-01 4.0132235294117641e-01 2.5557843137254899e-01
 6.4705882352941180e-01 4.0438588235294121e-01 2.5752941176470590e-01
 6.5196078431372551e-01 4.0744941176470589e-01 2.5948039215686275e-01
 6.5686274509803921e-01 4.1051294117647058e-01 2.6143137254901960e-01
 6.6176470588235292e-01 4.1357647058823532e-01 2.6338235294117646e-01
 6.6666666666666663e-01 4.1664000000000001e-01 2.6533333333333331e-01
 6.7156862745098034e-01 4.1970352941176470e-01 2.6728431372549016e-01
 6.7647058823529405e-01 4.2276705882352938e-01 2.6923529411764702e-01
 6.8137254901960775e-01 4.2583058823529407e-01 2.7118627450980387e-01
 6.8627450980392157e-01 4.2889411764705887e-01 2.7313725490196078e-01
 6.9117647058823528e-01 4.3195764705882356e-01 2.7508823529411769e-01
 6.9607843137254899e-01 4.3502117647058824e-01 2.7703921568627454e-01
 7.0098039215686270e-01 4.3808470588235293e-01 2.7899019607843140e-01
 7.0588235294117641e-01 4.4114823529411762e-01 2.8094117647058825e-01
 7.1078431372549011e-01 4.4421176470588236e-01 2.8289215686274510e-01
 7.1568627450980382e-01 4.4727529411764705e-01 2.8484313725490196e-01
 7.2058823529411753e-01 4.5033882352941174e-01 2.8679411764705881e-01
 7.2549019607843146e-01 4.5340235294117653e-01 2.8874509803921572e-01
 7.3039215686274517e-01 4.5646588235294122e-01 2.9069607843137257e-01
 7.3529411764705888e-01 4.5952941176470591e-01 2.9264705882352943e-01
 7.4019607843137258e-01 4.6259294117647060e-01 2.9459803921568628e-01
 7.4509803921568629e-01 4.6565647058823528e-01 2.9654901960784313e-01
 7.5000000000000000e-01 4.6871999999999997e-01 2.9849999999999999e-01
 7.5490196078431371e-01 4.7178352941176466e-01 3.0045098039215684e-01
 7.5980392156862742e-01 4.7484705882352940e-01 3.0240196078431369e-01
 7.6470588235294124e-01 4.7791058823529414e-01 3.0435294117647060e-01
 7.6960784313725494e-01 4.8097411764705883e-01 3.0630392156862746e-01
 7.7450980392156865e-01 4.8403764705882357e-01 3.0825490196078431e-01
 7.7941176470588236e-01 4.8710117647058826e-01 3.1020588235294116e-01
 7.8431372549019607e-01 4.9016470588235295e-01 3.1215686274509802e-01
 7.8921568627450978e-01 4.9322823529411763e-01 3.1410784313725487e-01
 7.9411764705882348e-01 4.9629176470588232e-01 3.1605882352941173e-01
 7.9901960784313719e-01 4.9935529411764701e-01 3.1800980392156858e-01
 8.0392156862745101e-01 5.0241882352941181e-01 3.1996078431372549e-01
 8.0882352941176472e-01 5.0548235294117649e-01 3.2191176470588234e-01
 8.1372549019607843e-01 5.0854588235294118e-01 3.2386274509803925e-01
 8.1862745098039214e-01 5.1160941176470587e-01 3.2581372549019610e-01
 8.2352941176470584e-01 5.1467294117647056e-01 3.2776470588235296e-01
 8.2843137254901955e-01 5.1773647058823524e-01 3.2971568627450981e-01
 8.3333333333333326e-01 5.2079999999999993e-01 3.3166666666666667e-01
 8.3823529411764697e-01 5.2386352941176462e-01 3.3361764705882352e-01
 8.4313725490196090e-01 5.2692705882352942e-01 3.3556862745098043e-01
 8.4803921568627461e-01 5.2999058823529410e-01 3.3751960784313728e-01
 8.5294117647058831e-01 5.3305411764705879e-01 3.3947058823529414e-01
 8.5784313725490202e-01 5.3611764705882359e-01 3.4142156862745099e-01
 8.6274509803921573e-01 5.3918117647058827e-01 3.4337254901960784e-01
 8.6764705882352944e-01 5.4224470588235296e-01 3.4532352941176470e-01
 8.7254901960784315e-01 5.4530823529411765e-01 3.4727450980392155e-01
 8.7745098039215685e-01 5.4837176470588234e-01 3.4922549019607840e-01
 8.8235294117647067e-01 5.5143529411764713e-01 3.5117647058823531e-01
 8.8725490196078438e-01 5.5449882352941182e-01 3.5312745098039217e-01
 8.9215686274509809e-01 5.5756235294117651e-01 3.5507843137254902e-01
 8.9705882352941180e-01 5.6062588235294120e-01 3.5702941176470587e-01
 9.0196078431372551e-01 5.6368941176470588e-01 3.5898039215686273e-01
 9.0686274509803921e-01 5.6675294117647057e-01 3.6093137254901958e-01
 9.1176470588235292e-01 5.6981647058823526e-01 3.6288235294117643e-01
 9.1666666666666663e-01 5.7287999999999994e-01 3.6483333333333329e-01
 9.2156862745098045e-01 5.7594352941176474e-01 3.6678431372549020e-01
 9.2647058823529416e-01 5.7900705882352943e-01 3.6873529411764705e-01
 9.3137254901960786e-01 5.8207058823529412e-01 3.7068627450980390e-01
 9.3627450980392157e-01 5.8513411764705880e-01 3.7263725490196076e-01
 9.4117647058823528e-01 5.8819764705882349e-01 3.7458823529411767e-01
 9.4607843137254899e-01 5.9126117647058818e-01 3.7653921568627452e-01
 9.5098039215686270e-01 5.9432470588235287e-01 3.7849019607843137e-01
 9.5588235294117641e-01 5.9738823529411766e-01 3.8044117647058823e-01
 9.6078431372549022e-01 6.0045176470588235e-01 3.8239215686274514e-01
 9.6568627450980393e-01 6.0351529411764704e-01 3.8434313725490199e-01
 9.7058823529411764e-01 6.0657882352941184e-01 3.8629411764705884e-01
 9.7549019607843135e-01 6.0964235294117652e-01 3.8824509803921570e-01
 9.8039215686274506e-01 6.1270588235294121e-01 3.9019607843137255e-01
 9.8529411764705876e-01 6.1576941176470590e-01 3.9214705882352940e-01
 9.9019607843137247e-01 6.1883294117647059e-01 3.9409803921568626e-01
 9.9509803921568618e-01 6.2189647058823527e-01 3.9604901960784311e-01
 1.0000000000000000e+00 6.2496000000000007e-01 3.9800000000000002e-01
 1.0000000000000000e+00 6.2802352941176476e-01 3.9995098039215687e-01
 1.0000000000000000e+00 6.3108705882352945e-01 4.0190196078431373e-01
 1.0000000000000000e+00 6.3415058823529413e-01 4.0385294117647058e-01
 1.0000000000000000e+00 6.3721411764705882e-01 4.0580392156862743e-01
 1.0000000000000000e+00 6.4027764705882351e-01 4.0775490196078429e-01
 1.0000000000000000e+00 6.4334117647058819e-01 4.0970588235294114e-01
 1.0000000000000000e+00 6.4640470588235288e-01 4.1165686274509800e-01
 1.0000000000000000e+00 6.4946823529411768e-01 4.1360784313725490e-01
 1.0000000000000000e+00 6.5253176470588237e-01 4.1555882352941176e-01
 1.0000000000000000e+00 6.5559529411764705e-01 4.1750980392156861e-01
 1.0000000000000000e+00 6.5865882352941174e-01 4.1946078431372547e-01
 1.0000000000000000e+00 6.6172235294117643e-01 4.2141176470588232e-01
 1.0000000000000000e+00 6.6478588235294112e-01 4.2336274509803923e-01
 1.0000000000000000e+00 6.6784941176470580e-01 4.2531372549019608e-01
 1.0000000000000000e+00 6.7091294117647060e-01 4.2726470588235294e-01
 1.0000000000000000e+00 6.7397647058823529e-01 4.2921568627450984e-01
 1.0000000000000000e+00 6.7703999999999998e-01 4.3116666666666670e-01
 1.0000000000000000e+00 6.8010352941176477e-01 4.3311764705882355e-01
 1.0000000000000000e+00 6.8316705882352946e-01 4.3506862745098041e-01
 1.0000000000000000e+00 6.8623058823529415e-01 4.3701960784313726e-01
 1.0000000000000000e+00 6.8929411764705883e-01 4.3897058823529411e-01
 1.0000000000000000e+00 6.9235764705882352e-01 4.4092156862745097e-01
 1.0000000000000000e+00 6.9542117647058821e-01 4.4287254901960782e-01
 1.0000000000000000e+00 6.9848470588235301e-01 4.4482352941176473e-01
 1.0000000000000000e+00 7.0154823529411769e-01 4.4677450980392158e-01
 1.0000000000000000e+00 7.0461176470588238e-01 4.4872549019607844e-01
 1.0000000000000000e+00 7.0767529411764707e-01 4.5067647058823529e-01
 1.0000000000000000e+00 7.1073882352941176e-01 4.5262745098039214e-01
 1.0000000000000000e+00 7.1380235294117644e-01 4.5457843137254900e-01
 1.0000000000000000e+00 7.1686588235294113e-01 4.5652941176470585e-01
 1.0000000000000000e+00 7.1992941176470582e-01 4.5848039215686270e-01
 1.0000000000000000e+00 7.2299294117647062e-01 4.6043137254901961e-01
 1.0000000000000000e+00 7.2605647058823530e-01 4.6238235294117647e-01
 1.0000000000000000e+00 7.2911999999999999e-01 4.6433333333333332e-01
 1.0000000000000000e+00 7.3218352941176468e-01 4.6628431372549017e-01
 1.0000000000000000e+00 7.3524705882352936e-01 4.6823529411764703e-01
 1.0000000000000000e+00 7.3831058823529405e-01 4.7018627450980388e-01
 1.0000000000000000e+00 7.4137411764705885e-01 4.7213725490196073e-01
 1.0000000000000000e+00 7.4443764705882354e-01 4.7408823529411764e-01
 1.0000000000000000e+00 7.4750117647058822e-01 4.7603921568627455e-01
 1.0000000000000000e+00 7.5056470588235302e-01 4.7799019607843141e-01
 1.0000000000000000e+00 7.5362823529411771e-01 4.7994117647058826e-01
 1.0000000000000000e+00 7.5669176470588240e-01 4.8189215686274511e-01
 1.0000000000000000e+00 7.5975529411764708e-01 4.8384313725490197e-01
 1.0000000000000000e+00 7.6281882352941177e-01 4.8579411764705882e-01
 1.0000000000000000e+00 7.6588235294117646e-01 4.8774509803921567e-01
 1.0000000000000000e+00 7.6894588235294115e-01 4.8969607843137253e-01
 1.0000000000000000e+00 7.7200941176470594e-01 4.9164705882352944e-01
 1.0000000000000000e+00 7.7507294117647063e-01 4.9359803921568629e-01
 1.0000000000000000e+00 7.7813647058823532e-01 4.9554901960784314e-01
 1.0000000000000000e+00 7.8120000000000001e-01 4.9750000000000000e-01
