 1.0416666666666666e-02 0.0000000000000000e+00 0.0000000000000000e+00
 2.0833333333333332e-02 0.0000000000000000e+00 0.0000000000000000e+00
 3.1250000000000000e-02 0.0000000000000000e+00 0.0000000000000000e+00
 4.1666666666666664e-02 0.0000000000000000e+00 0.0000000000000000e+00
 5.2083333333333336e-02 0.0000000000000000e+00 0.0000000000000000e+00
 6.2500000000000000e-02 0.0000000000000000e+00 0.0000000000000000e+00
 7.2916666666666671e-02 0.0000000000000000e+00 0.0000000000000000e+00
 8.3333333333333329e-02 0.0000000000000000e+00 0.0000000000000000e+00
 9.3750000000000000e-02 0.0000000000000000e+00 0.0000000000000000e+00
 1.0416666666666667e-01 0.0000000000000000e+00 0.0000000000000000e+00
 1.1458333333333333e-01 0.0000000000000000e+00 0.0000000000000000e+00
 1.2500000000000000e-01 0.0000000000000000e+00 0.0000000000000000e+00
 1.3541666666666666e-01 0.0000000000000000e+00 0.0000000000000000e+00
 1.4583333333333334e-01 0.0000000000000000e+00 0.0000000000000000e+00
 1.5625000000000000e-01 0.0000000000000000e+00 0.0000000000000000e+00
 1.6666666666666666e-01 0.0000000000000000e+00 0.0000000000000000e+00
 1.7708333333333334e-01 0.0000000000000000e+00 0.0000000000000000e+00
 1.8750000000000000e-01 0.0000000000000000e+00 0.0000000000000000e+00
 1.9791666666666666e-01 0.0000000000000000e+00 0.0000000000000000e+00
 2.0833333333333334e-01 0.0000000000000000e+00 0.0000000000000000e+00
 2.1875000000000000e-01 0.0000000000000000e+00 0.0000000000000000e+00
 2.2916666666666666e-01 0.0000000000000000e+00 0.0000000000000000e+00
 2.3958333333333334e-01 0.0000000000000000e+00 0.0000000000000000e+00
 2.5000000000000000e-01 0.0000000000000000e+00 0.0000000000000000e+00
 2.6041666666666669e-01 0.0000000000000000e+00 0.0000000000000000e+00
 2.7083333333333331e-01 0.0000000000000000e+00 0.0000000000000000e+00
 2.8125000000000000e-01 0.0000000000000000e+00 0.0000000000000000e+00
 2.9166666666666669e-01 0.0000000000000000e+00 0.0000000000000000e+00
 3.0208333333333331e-01 0.0000000000000000e+00 0.0000000000000000e+00
 3.1250000000000000e-01 0.0000000000000000e+00 0.0000000000000000e+00
 3.2291666666666669e-01 0.0000000000000000e+00 0.0000000000000000e+00
 3.3333333333333331e-01 0.0000000000000000e+00 0.0000000000000000e+00
 3.4375000000000000e-01 0.0000000000000000e+00 0.0000000000000000e+00
 3.5416666666666669e-01 0.0000000000000000e+00 0.0000000000000000e+00
 3.6458333333333331e-01 0.0000000000000000e+00 0.0000000000000000e+00
 3.7500000000000000e-01 0.0000000000000000e+00 0.0000000000000000e+00
 3.8541666666666669e-01 0.0000000000000000e+00 0.0000000000000000e+00
 3.9583333333333331e-01 0.0000000000000000e+00 0.0000000000000000e+00
 4.0625000000000000e-01 0.0000000000000000e+00 0.0000000000000000e+00
 4.1666666666666669e-01 0.0000000000000000e+00 0.0000000000000000e+00
 4.2708333333333331e-01 0.0000000000000000e+00 0.0000000000000000e+00
 4.3750000000000000e-01 0.0000000000000000e+00 0.0000000000000000e+00
 4.4791666666666669e-01 0.0000000000000000e+00 0.0000000000000000e+00
 4.5833333333333331e-01 0.0000000000000000e+00 0.0000000000000000e+00
 4.6875000000000000e-01 0.0000000000000000e+00 0.0000000000000000e+00
 4.7916666666666669e-01 0.0000000000000000e+00 0.0000000000000000e+00
 4.8958333333333331e-01 0.0000000000000000e+00 0.0000000000000000e+00
 5.0000000000000000e-01 0.0000000000000000e+00 0.0000000000000000e+00
 5.1041666666666663e-01 0.0000000000000000e+00 0.0000000000000000e+00
 5.2083333333333337e-01 0.0000000000000000e+00 0.0000000000000000e+00
 5.3125000000000000e-01 0.0000000000000000e+00 0.0000000000000000e+00
 5.4166666666666663e-01 0.0000000000000000e+00 0.0000000000000000e+00
 5.5208333333333337e-01 0.0000000000000000e+00 0.0000000000000000e+00
 5.6250000000000000e-01 0.0000000000000000e+00 0.0000000000000000e+00
 5.7291666666666663e-01 0.0000000000000000e+00 0.0000000000000000e+00
 5.8333333333333337e-01 0.0000000000000000e+00 0.0000000000000000e+00
 5.9375000000000000e-01 0.0000000000000000e+00 0.0000000000000000e+00
 6.0416666666666663e-01 0.0000000000000000e+00 0.0000000000000000e+00
 6.1458333333333337e-01 0.0000000000000000e+00 0.0000000000000000e+00
 6.2500000000000000e-01 0.0000000000000000e+00 0.0000000000000000e+00
 6.3541666666666663e-01 0.0000000000000000e+00 0.0000000000000000e+00
 6.4583333333333337e-01 0.0000000000000000e+00 0.0000000000000000e+00
 6.5625000000000000e-01 0.0000000000000000e+00 0.0000000000000000e+00
 6.6666666666666663e-01 0.0000000000000000e+00 0.0000000000000000e+00
 6.7708333333333337e-01 0.0000000000000000e+00 0.0000000000000000e+00
 6.8750000000000000e-01 0.0000000000000000e+00 0.0000000000000000e+00
 6.9791666666666663e-01 0.0000000000000000e+00 0.0000000000000000e+00
 7.0833333333333337e-01 0.0000000000000000e+00 0.0000000000000000e+00
 7.1875000000000000e-01 0.0000000000000000e+00 0.0000000000000000e+00
 7.2916666666666663e-01 0.0000000000000000e+00 0.0000000000000000e+00
 7.3958333333333337e-01 0.0000000000000000e+00 0.0000000000000000e+00
 7.5000000000000000e-01 0.0000000000000000e+00 0.0000000000000000e+00
 7.6041666666666663e-01 0.0000000000000000e+00 0.0000000000000000e+00
 7.7083333333333337e-01 0.0000000000000000e+00 0.0000000000000000e+00
 7.8125000000000000e-01 0.0000000000000000e+00 0.0000000000000000e+00
 7.9166666666666663e-01 0.0000000000000000e+00 0.0000000000000000e+00
 8.0208333333333337e-01 0.0000000000000000e+00 0.0000000000000000e+00
 8.1250000000000000e-01 0.0000000000000000e+00 0.0000000000000000e+00
 8.2291666666666663e-01 0.0000000000000000e+00 0.0000000000000000e+00
 8.3333333333333337e-01 0.0000000000000000e+00 0.0000000000000000e+00
 8.4375000000000000e-01 0.0000000000000000e+00 0.0000000000000000e+00
 8.5416666666666663e-01 0.0000000000000000e+00 0.0000000000000000e+00
 8.6458333333333337e-01 0.0000000000000000e+00 0.0000000000000000e+00
 8.7500000000000000e-01 0.0000000000000000e+00 0.0000000000000000e+00
 8.8541666666666663e-01 0.0000000000000000e+00 0.0000000000000000e+00
 8.9583333333333337e-01 0.0000000000000000e+00 0.0000000000000000e+00
 9.0625000000000000e-01 0.0000000000000000e+00 0.0000000000000000e+00
 9.1666666666666663e-01 0.0000000000000000e+00 0.0000000000000000e+00
 9.2708333333333337e-01 0.0000000000000000e+00 0.0000000000000000e+00
 9.3750000000000000e-01 0.0000000000000000e+00 0.0000000000000000e+00
 9.4791666666666663e-01 0.0000000000000000e+00 0.0000000000000000e+00
 9.5833333333333337e-01 0.0000000000000000e+00 0.0000000000000000e+00
 9.6875000000000000e-01 0.0000000000000000e+00 0.0000000000000000e+00
 9.7916666666666663e-01 0.0000000000000000e+00 0.0000000000000000e+00
 9.8958333333333337e-01 0.0000000000000000e+00 0.0000000000000000e+00
 1.0000000000000000e+00 0.0000000000000000e+00 0.0000000000000000e+00
 1.0000000000000000e+00 1.0416666666666666e-02 0.0000000000000000e+00
 1.0000000000000000e+00 2.0833333333333332e-02 0.0000000000000000e+00
 1.0000000000000000e+00 3.1250000000000000e-02 0.0000000000000000e+00
 1.0000000000000000e+00 4.1666666666666664e-02 0.0000000000000000e+00
 1.0000000000000000e+00 5.2083333333333336e-02 0.0000000000000000e+00
 1.0000000000000000e+00 6.2500000000000000e-02 0.0000000000000000e+00
 1.0000000000000000e+00 7.2916666666666671e-02 0.0000000000000000e+00
 1.0000000000000000e+00 8.3333333333333329e-02 0.0000000000000000e+00
 1.0000000000000000e+00 9.3750000000000000e-02 0.0000000000000000e+00
 1.0000000000000000e+00 1.0416666666666667e-01 0.0000000000000000e+00
 1.0000000000000000e+00 1.1458333333333333e-01 0.0000000000000000e+00
 1.0000000000000000e+00 1.2500000000000000e-01 0.0000000000000000e+00
 1.0000000000000000e+00 1.3541666666666666e-01 0.0000000000000000e+00
 1.0000000000000000e+00 1.4583333333333334e-01 0.0000000000000000e+00
 1.0000000000000000e+00 1.5625000000000000e-01 0.0000000000000000e+00
 1.0000000000000000e+00 1.6666666666666666e-01 0.0000000000000000e+00
 1.0000000000000000e+00 1.7708333333333334e-01 0.0000000000000000e+00
 1.0000000000000000e+00 1.8750000000000000e-01 0.0000000000000000e+00
 1.0000000000000000e+00 1.9791666666666666e-01 0.0000000000000000e+00
 1.0000000000000000e+00 2.0833333333333334e-01 0.0000000000000000e+00
 1.0000000000000000e+00 2.1875000000000000e-01 0.0000000000000000e+00
 1.0000000000000000e+00 2.2916666666666666e-01 0.0000000000000000e+00
 1.0000000000000000e+00 2.3958333333333334e-01 0.0000000000000000e+00
 1.0000000000000000e+00 2.5000000000000000e-01 0.0000000000000000e+00
 1.0000000000000000e+00 2.6041666666666669e-01 0.0000000000000000e+00
 1.0000000000000000e+00 2.7083333333333331e-01 0.0000000000000000e+00
 1.0000000000000000e+00 2.8125000000000000e-01 0.0000000000000000e+00
 1.0000000000000000e+00 2.9166666666666669e-01 0.0000000000000000e+00
 1.0000000000000000e+00 3.0208333333333331e-01 0.0000000000000000e+00
 1.0000000000000000e+00 3.1250000000000000e-01 0.0000000000000000e+00
 1.0000000000000000e+00 3.2291666666666669e-01 0.0000000000000000e+00
 1.0000000000000000e+00 3.3333333333333331e-01 0.0000000000000000e+00
 1.0000000000000000e+00 3.4375000000000000e-01 0.0000000000000000e+00
 1.0000000000000000e+00 3.5416666666666669e-01 0.0000000000000000e+00
 1.0000000000000000e+00 3.6458333333333331e-01 0.0000000000000000e+00
 1.0000000000000000e+00 3.7500000000000000e-01 0.0000000000000000e+00
 1.0000000000000000e+00 3.8541666666666669e-01 0.0000000000000000e+00
 1.0000000000000000e+00 3.9583333333333331e-01 0.0000000000000000e+00
 1.0000000000000000e+00 4.0625000000000000e-01 0.0000000000000000e+00
 1.0000000000000000e+00 4.1666666666666669e-01 0.0000000000000000e+00
 1.0000000000000000e+00 4.2708333333333331e-01 0.0000000000000000e+00
 1.0000000000000000e+00 4.3750000000000000e-01 0.0000000000000000e+00
 1.0000000000000000e+00 4.4791666666666669e-01 0.0000000000000000e+00
 1.0000000000000000e+00 4.5833333333333331e-01 0.0000000000000000e+00
 1.0000000000000000e+00 4.6875000000000000e-01 0.0000000000000000e+00
 1.0000000000000000e+00 4.7916666666666669e-01 0.0000000000000000e+00
 1.0000000000000000e+00 4.8958333333333331e-01 0.0000000000000000e+00
 1.0000000000000000e+00 5.0000000000000000e-01 0.0000000000000000e+00
 1.0000000000000000e+00 5.1041666666666663e-01 0.0000000000000000e+00
 1.0000000000000000e+00 5.2083333333333337e-01 0.0000000000000000e+00
 1.0000000000000000e+00 5.3125000000000000e-01 0.0000000000000000e+00
 1.0000000000000000e+00 5.4166666666666663e-01 0.0000000000000000e+00
 1.0000000000000000e+00 5.5208333333333337e-01 0.0000000000000000e+00
 1.0000000000000000e+00 5.6250000000000000e-01 0.0000000000000000e+00
 1.0000000000000000e+00 5.7291666666666663e-01 0.0000000000000000e+00
 1.0000000000000000e+00 5.8333333333333337e-01 0.0000000000000000e+00
 1.0000000000000000e+00 5.9375000000000000e-01 0.0000000000000000e+00
 1.0000000000000000e+00 6.0416666666666663e-01 0.0000000000000000e+00
 1.0000000000000000e+00 6.1458333333333337e-01 0.0000000000000000e+00
 1.0000000000000000e+00 6.2500000000000000e-01 0.0000000000000000e+00
 1.0000000000000000e+00 6.3541666666666663e-01 0.0000000000000000e+00
 1.0000000000000000e+00 6.4583333333333337e-01 0.0000000000000000e+00
 1.0000000000000000e+00 6.5625000000000000e-01 0.0000000000000000e+00
 1.0000000000000000e+00 6.6666666666666663e-01 0.0000000000000000e+00
 1.0000000000000000e+00 6.7708333333333337e-01 0.0000000000000000e+00
 1.0000000000000000e+00 6.8750000000000000e-01 0.0000000000000000e+00
 1.0000000000000000e+00 6.9791666666666663e-01 0.0000000000000000e+00
 1.0000000000000000e+00 7.0833333333333337e-01 0.0000000000000000e+00
 1.0000000000000000e+00 7.1875000000000000e-01 0.0000000000000000e+00
 1.0000000000000000e+00 7.2916666666666663e-01 0.0000000000000000e+00
 1.0000000000000000e+00 7.3958333333333337e-01 0.0000000000000000e+00
 1.0000000000000000e+00 7.5000000000000000e-01 0.0000000000000000e+00
 1.0000000000000000e+00 7.6041666666666663e-01 0.0000000000000000e+00
 1.0000000000000000e+00 7.7083333333333337e-01 0.0000000000000000e+00
 1.0000000000000000e+00 7.8125000000000000e-01 0.0000000000000000e+00
 1.0000000000000000e+00 7.9166666666666663e-01 0.0000000000000000e+00
 1.0000000000000000e+00 8.0208333333333337e-01 0.0000000000000000e+00
 1.0000000000000000e+00 8.1250000000000000e-01 0.0000000000000000e+00
 1.0000000000000000e+00 8.2291666666666663e-01 0.0000000000000000e+00
 1.0000000000000000e+00 8.3333333333333337e-01 0.0000000000000000e+00
 1.0000000000000000e+00 8.4375000000000000e-01 0.0000000000000000e+00
 1.0000000000000000e+00 8.5416666666666663e-01 0.0000000000000000e+00
 1.0000000000000000e+00 8.6458333333333337e-01 0.0000000000000000e+00
 1.0000000000000000e+00 8.7500000000000000e-01 0.0000000000000000e+00
 1.0000000000000000e+00 8.8541666666666663e-01 0.0000000000000000e+00
 1.0000000000000000e+00 8.9583333333333337e-01 0.0000000000000000e+00
 1.0000000000000000e+00 9.0625000000000000e-01 0.0000000000000000e+00
 1.0000000000000000e+00 9.1666666666666663e-01 0.0000000000000000e+00
 1.0000000000000000e+00 9.2708333333333337e-01 0.0000000000000000e+00
 1.0000000000000000e+00 9.3750000000000000e-01 0.0000000000000000e+00
 1.0000000000000000e+00 9.4791666666666663e-01 0.0000000000000000e+00
 1.0000000000000000e+00 9.5833333333333337e-01 0.0000000000000000e+00
 1.0000000000000000e+00 9.6875000000000000e-01 0.0000000000000000e+00
 1.0000000000000000e+00 9.7916666666666663e-01 0.0000000000000000e+00
 1.0000000000000000e+00 9.8958333333333337e-01 0.0000000000000000e+00
 1.0000000000000000e+00 1.0000000000000000e+00 0.0000000000000000e+00
 1.0000000000000000e+00 1.0000000000000000e+00 1.5625000000000000e-02
 1.0000000000000000e+00 1.0000000000000000e+00 3.1250000000000000e-02
 1.0000000000000000e+00 1.0000000000000000e+00 4.6875000000000000e-02
 1.0000000000000000e+00 1.0000000000000000e+00 6.2500000000000000e-02
 1.0000000000000000e+00 1.0000000000000000e+00 7.8125000000000000e-02
 1.0000000000000000e+00 1.0000000000000000e+00 9.3750000000000000e-02
 1.0000000000000000e+00 1.0000000000000000e+00 1.0937500000000000e-01
 1.0000000000000000e+00 1.0000000000000000e+00 1.2500000000000000e-01
 1.0000000000000000e+00 1.0000000000000000e+00 1.4062500000000000e-01
 1.0000000000000000e+00 1.0000000000000000e+00 1.5625000000000000e-01
 1.0000000000000000e+00 1.0000000000000000e+00 1.7187500000000000e-01
 1.0000000000000000e+00 1.0000000000000000e+00 1.8750000000000000e-01
 1.0000000000000000e+00 1.0000000000000000e+00 2.0312500000000000e-01
 1.0000000000000000e+00 1.0000000000000000e+00 2.1875000000000000e-01
 1.0000000000000000e+00 1.0000000000000000e+00 2.3437500000000000e-01
 1.0000000000000000e+00 1.0000000000000000e+00 2.5000000000000000e-01
 1.0000000000000000e+00 1.0000000000000000e+00 2.6562500000000000e-01
 1.0000000000000000e+00 1.0000000000000000e+00 2.8125000000000000e-01
 1.0000000000000000e+00 1.0000000000000000e+00 2.9687500000000000e-01
 1.0000000000000000e+00 1.0000000000000000e+00 3.1250000000000000e-01
 1.0000000000000000e+00 1.0000000000000000e+00 3.2812500000000000e-01
 1.0000000000000000e+00 1.0000000000000000e+00 3.4375000000000000e-01
 1.0000000000000000e+00 1.0000000000000000e+00 3.5937500000000000e-01
 1.0000000000000000e+00 1.0000000000000000e+00 3.7500000000000000e-01
 1.0000000000000000e+00 1.0000000000000000e+00 3.9062500000000000e-01
 1.0000000000000000e+00 1.0000000000000000e+00 4.0625000000000000e-01
 1.0000000000000000e+00 1.0000000000000000e+00 4.2187500000000000e-01
 1.0000000000000000e+00 1.0000000000000000e+00 4.3750000000000000e-01
 1.0000000000000000e+00 1.0000000000000000e+00 4.5312500000000000e-01
 1.0000000000000000e+00 1.0000000000000000e+00 4.6875000000000000e-01
 1.0000000000000000e+00 1.0000000000000000e+00 4.8437500000000000e-01
 1.0000000000000000e+00 1.0000000000000000e+00 5.0000000000000000e-01
 1.0000000000000000e+00 1.0000000000000000e+00 5.1562500000000000e-01
 1.0000000000000000e+00 1.0000000000000000e+00 5.3125000000000000e-01
 1.0000000000000000e+00 1.0000000000000000e+00 5.4687500000000000e-01
 1.0000000000000000e+00 1.0000000000000000e+00 5.6250000000000000e-01
 1.0000000000000000e+00 1.0000000000000000e+00 5.7812500000000000e-01
 1.0000000000000000e+00 1.0000000000000000e+00 5.9375000000000000e-01
 1.0000000000000000e+00 1.0000000000000000e+00 6.0937500000000000e-01
 1.0000000000000000e+00 1.0000000000000000e+00 6.2500000000000000e-01
 1.0000000000000000e+00 1.0000000000000000e+00 6.4062500000000000e-01
 1.0000000000000000e+00 1.0000000000000000e+00 6.5625000000000000e-01
 1.0000000000000000e+00 1.0000000000000000e+00 6.7187500000000000e-01
 1.0000000000000000e+00 1.0000000000000000e+00 6.8750000000000000e-01
 1.0000000000000000e+00 1.0000000000000000e+00 7.0312500000000000e-01
 1.0000000000000000e+00 1.0000000000000000e+00 7.1875000000000000e-01
 1.0000000000000000e+00 1.0000000000000000e+00 7.3437500000000000e-01
 1.0000000000000000e+00 1.0000000000000000e+00 7.5000000000000000e-01
 1.0000000000000000e+00 1.0000000000000000e+00 7.6562500000000000e-01
 1.0000000000000000e+00 1.0000000000000000e+00 7.8125000000000000e-01
 1.0000000000000000e+00 1.0000000000000000e+00 7.9687500000000000e-01
 1.0000000000000000e+00 1.0000000000000000e+00 8.1250000000000000e-01
 1.0000000000000000e+00 1.0000000000000000e+00 8.2812500000000000e-01
 1.0000000000000000e+00 1.0000000000000000e+00 8.4375000000000000e-01
 1.0000000000000000e+00 1.0000000000000000e+00 8.5937500000000000e-01
 1.0000000000000000e+00 1.0000000000000000e+00 8.7500000000000000e-01
 1.0000000000000000e+00 1.0000000000000000e+00 8.9062500000000000e-01
 1.0000000000000000e+00 1.0000000000000000e+00 9.0625000000000000e-01
 1.0000000000000000e+00 1.0000000000000000e+00 9.2187500000000000e-01
 1.0000000000000000e+00 1.0000000000000000e+00 9.3750000000000000e-01
 1.0000000000000000e+00 1.0000000000000000e+00 9.5312500000000000e-01
 1.0000000000000000e+00 1.0000000000000000e+00 9.6875000000000000e-01
 1.0000000000000000e+00 1.0000000000000000e+00 9.8437500000000000e-01
 1.0000000000000000e+00 1.0000000000000000e+00 1.0000000000000000e+00
