 1.0000000000000000e+00 0.0000000000000000e+00 0.0000000000000000e+00
 1.0000000000000000e+00 2.3437500000000000e-02 0.0000000000000000e+00
 1.0000000000000000e+00 4.6875000000000000e-02 0.0000000000000000e+00
 1.0000000000000000e+00 7.0312500000000000e-02 0.0000000000000000e+00
 1.0000000000000000e+00 9.3750000000000000e-02 0.0000000000000000e+00
 1.0000000000000000e+00 1.1718750000000000e-01 0.0000000000000000e+00
 1.0000000000000000e+00 1.4062500000000000e-01 0.0000000000000000e+00
 1.0000000000000000e+00 1.6406250000000000e-01 0.0000000000000000e+00
 1.0000000000000000e+00 1.8750000000000000e-01 0.0000000000000000e+00
 1.0000000000000000e+00 2.1093750000000000e-01 0.0000000000000000e+00
 1.0000000000000000e+00 2.3437500000000000e-01 0.0000000000000000e+00
 1.0000000000000000e+00 2.5781250000000000e-01 0.0000000000000000e+00
 1.0000000000000000e+00 2.8125000000000000e-01 0.0000000000000000e+00
 1.0000000000000000e+00 3.0468750000000000e-01 0.0000000000000000e+00
 1.0000000000000000e+00 3.2812500000000000e-01 0.0000000000000000e+00
 1.0000000000000000e+00 3.5156250000000000e-01 0.0000000000000000e+00
 1.0000000000000000e+00 3.7500000000000000e-01 0.0000000000000000e+00
 1.0000000000000000e+00 3.9843750000000000e-01 0.0000000000000000e+00
 1.0000000000000000e+00 4.2187500000000000e-01 0.0000000000000000e+00
 1.0000000000000000e+00 4.4531250000000000e-01 0.0000000000000000e+00
 1.0000000000000000e+00 4.6875000000000000e-01 0.0000000000000000e+00
 1.0000000000000000e+00 4.9218750000000000e-01 0.0000000000000000e+00
 1.0000000000000000e+00 5.1562500000000000e-01 0.0000000000000000e+00
 1.0000000000000000e+00 5.3906250000000000e-01 0.0000000000000000e+00
 1.0000000000000000e+00 5.6250000000000000e-01 0.0000000000000000e+00
 1.0000000000000000e+00 5.8593750000000000e-01 0.0000000000000000e+00
 1.0000000000000000e+00 6.0937500000000000e-01 0.0000000000000000e+00
 1.0000000000000000e+00 6.3281250000000000e-01 0.0000000000000000e+00
 1.0000000000000000e+00 6.5625000000000000e-01 0.0000000000000000e+00
 1.0000000000000000e+00 6.7968750000000000e-01 0.0000000000000000e+00
 1.0000000000000000e+00 7.0312500000000000e-01 0.0000000000000000e+00
 1.0000000000000000e+00 7.2656250000000000e-01 0.0000000000000000e+00
 1.0000000000000000e+00 7.5000000000000000e-01 0.0000000000000000e+00
 1.0000000000000000e+00 7.7343750000000000e-01 0.0000000000000000e+00
 1.0000000000000000e+00 7.9687500000000000e-01 0.0000000000000000e+00
 1.0000000000000000e+00 8.2031250000000000e-01 0.0000000000000000e+00
 1.0000000000000000e+00 8.4375000000000000e-01 0.0000000000000000e+00
 1.0000000000000000e+00 8.6718750000000000e-01 0.0000000000000000e+00
 1.0000000000000000e+00 8.9062500000000000e-01 0.0000000000000000e+00
 1.0000000000000000e+00 9.1406250000000000e-01 0.0000000000000000e+00
 1.0000000000000000e+00 9.3750000000000000e-01 0.0000000000000000e+00
 1.0000000000000000e+00 9.6093750000000000e-01 0.0000000000000000e+00
 1.0000000000000000e+00 9.8437500000000000e-01 0.0000000000000000e+00
 9.9218750000000000e-01 1.0000000000000000e+00 0.0000000000000000e+00
 9.6875000000000000e-01 1.0000000000000000e+00 0.0000000000000000e+00
 9.4531250000000000e-01 1.0000000000000000e+00 0.0000000000000000e+00
 9.2187500000000000e-01 1.0000000000000000e+00 0.0000000000000000e+00
 8.9843750000000000e-01 1.0000000000000000e+00 0.0000000000000000e+00
 8.7500000000000000e-01 1.0000000000000000e+00 0.0000000000000000e+00
 8.5156250000000000e-01 1.0000000000000000e+00 0.0000000000000000e+00
 8.2812500000000000e-01 1.0000000000000000e+00 0.0000000000000000e+00
 8.0468750000000000e-01 1.0000000000000000e+00 0.0000000000000000e+00
 7.8125000000000000e-01 1.0000000000000000e+00 0.0000000000000000e+00
 7.5781250000000000e-01 1.0000000000000000e+00 0.0000000000000000e+00
 7.3437500000000000e-01 1.0000000000000000e+00 0.0000000000000000e+00
 7.1093750000000000e-01 1.0000000000000000e+00 0.0000000000000000e+00
 6.8750000000000000e-01 1.0000000000000000e+00 0.0000000000000000e+00
 6.6406250000000000e-01 1.0000000000000000e+00 0.0000000000000000e+00
 6.4062500000000000e-01 1.0000000000000000e+00 0.0000000000000000e+00
 6.1718750000000000e-01 1.0000000000000000e+00 0.0000000000000000e+00
 5.9375000000000000e-01 1.0000000000000000e+00 0.0000000000000000e+00
 5.7031250000000000e-01 1.0000000000000000e+00 0.0000000000000000e+00
 5.4687500000000000e-01 1.0000000000000000e+00 0.0000000000000000e+00
 5.2343750000000000e-01 1.0000000000000000e+00 0.0000000000000000e+00
 5.0000000000000000e-01 1.0000000000000000e+00 0.0000000000000000e+00
 4.7656250000000000e-01 1.0000000000000000e+00 0.0000000000000000e+00
 4.5312500000000000e-01 1.0000000000000000e+00 0.0000000000000000e+00
 4.2968750000000000e-01 1.0000000000000000e+00 0.0000000000000000e+00
 4.0625000000000000e-01 1.0000000000000000e+00 0.0000000000000000e+00
 3.8281250000000000e-01 1.0000000000000000e+00 0.0000000000000000e+00
 3.5937500000000000e-01 1.0000000000000000e+00 0.0000000000000000e+00
 3.3593750000000000e-01 1.0000000000000000e+00 0.0000000000000000e+00
 3.1250000000000000e-01 1.0000000000000000e+00 0.0000000000000000e+00
 2.8906250000000000e-01 1.0000000000000000e+00 0.0000000000000000e+00
 2.6562500000000000e-01 1.0000000000000000e+00 0.0000000000000000e+00
 2.4218750000000000e-01 1.0000000000000000e+00 0.0000000000000000e+00
 2.1875000000000000e-01 1.0000000000000000e+00 0.0000000000000000e+00
 1.9531250000000000e-01 1.0000000000000000e+00 0.0000000000000000e+00
 1.7187500000000000e-01 1.0000000000000000e+00 0.0000000000000000e+00
 1.4843750000000000e-01 1.0000000000000000e+00 0.0000000000000000e+00
 1.2500000000000000e-01 1.0000000000000000e+00 0.0000000000000000e+00
 1.0156250000000000e-01 1.0000000000000000e+00 0.0000000000000000e+00
 7.8125000000000000e-02 1.0000000000000000e+00 0.0000000000000000e+00
 5.4687500000000000e-02 1.0000000000000000e+00 0.0000000000000000e+00
 3.1250000000000000e-02 1.0000000000000000e+00 0.0000000000000000e+00
 7.8125000000000000e-03 1.0000000000000000e+00 0.0000000000000000e+00
 0.0000000000000000e+00 1.0000000000000000e+00 1.5625000000000000e-02
 0.0000000000000000e+00 1.0000000000000000e+00 3.9062500000000000e-02
 0.0000000000000000e+00 1.0000000000000000e+00 6.2500000000000000e-02
 0.0000000000000000e+00 1.0000000000000000e+00 8.5937500000000000e-02
 0.0000000000000000e+00 1.0000000000000000e+00 1.0937500000000000e-01
 0.0000000000000000e+00 1.0000000000000000e+00 1.3281250000000000e-01
 0.0000000000000000e+00 1.0000000000000000e+00 1.5625000000000000e-01
 0.0000000000000000e+00 1.0000000000000000e+00 1.7968750000000000e-01
 0.0000000000000000e+00 1.0000000000000000e+00 2.0312500000000000e-01
 0.0000000000000000e+00 1.0000000000000000e+00 2.2656250000000000e-01
 0.0000000000000000e+00 1.0000000000000000e+00 2.5000000000000000e-01
 0.0000000000000000e+00 1.0000000000000000e+00 2.7343750000000000e-01
 0.0000000000000000e+00 1.0000000000000000e+00 2.9687500000000000e-01
 0.0000000000000000e+00 1.0000000000000000e+00 3.2031250000000000e-01
 0.0000000000000000e+00 1.0000000000000000e+00 3.4375000000000000e-01
 0.0000000000000000e+00 1.0000000000000000e+00 3.6718750000000000e-01
 0.0000000000000000e+00 1.0000000000000000e+00 3.9062500000000000e-01
 0.0000000000000000e+00 1.0000000000000000e+00 4.1406250000000000e-01
 0.0000000000000000e+00 1.0000000000000000e+00 4.3750000000000000e-01
 0.0000000000000000e+00 1.0000000000000000e+00 4.6093750000000000e-01
 0.0000000000000000e+00 1.0000000000000000e+00 4.8437500000000000e-01
 0.0000000000000000e+00 1.0000000000000000e+00 5.0781250000000000e-01
 0.0000000000000000e+00 1.0000000000000000e+00 5.3125000000000000e-01
 0.0000000000000000e+00 1.0000000000000000e+00 5.5468750000000000e-01
 0.0000000000000000e+00 1.0000000000000000e+00 5.7812500000000000e-01
 0.0000000000000000e+00 1.0000000000000000e+00 6.0156250000000000e-01
 0.0000000000000000e+00 1.0000000000000000e+00 6.2500000000000000e-01
 0.0000000000000000e+00 1.0000000000000000e+00 6.4843750000000000e-01
 0.0000000000000000e+00 1.0000000000000000e+00 6.7187500000000000e-01
 0.0000000000000000e+00 1.0000000000000000e+00 6.9531250000000000e-01
 0.0000000000000000e+00 1.0000000000000000e+00 7.1875000000000000e-01
 0.0000000000000000e+00 1.0000000000000000e+00 7.4218750000000000e-01
 0.0000000000000000e+00 1.0000000000000000e+00 7.6562500000000000e-01
 0.0000000000000000e+00 1.0000000000000000e+00 7.8906250000000000e-01
 0.0000000000000000e+00 1.0000000000000000e+00 8.1250000000000000e-01
 0.0000000000000000e+00 1.0000000000000000e+00 8.3593750000000000e-01
 0.0000000000000000e+00 1.0000000000000000e+00 8.5937500000000000e-01
 0.0000000000000000e+00 1.0000000000000000e+00 8.8281250000000000e-01
 0.0000000000000000e+00 1.0000000000000000e+00 9.0625000000000000e-01
 0.0000000000000000e+00 1.0000000000000000e+00 9.2968750000000000e-01
 0.0000000000000000e+00 1.0000000000000000e+00 9.5312500000000000e-01
 0.0000000000000000e+00 1.0000000000000000e+00 9.7656250000000000e-01
 0.0000000000000000e+00 1.0000000000000000e+00 1.0000000000000000e+00
 0.0000000000000000e+00 9.7656250000000000e-01 1.0000000000000000e+00
 0.0000000000000000e+00 9.5312500000000000e-01 1.0000000000000000e+00
 0.0000000000000000e+00 9.2968750000000000e-01 1.0000000000000000e+00
 0.0000000000000000e+00 9.0625000000000000e-01 1.0000000000000000e+00
 0.0000000000000000e+00 8.8281250000000000e-01 1.0000000000000000e+00
 0.0000000000000000e+00 8.5937500000000000e-01 1.0000000000000000e+00
 0.0000000000000000e+00 8.3593750000000000e-01 1.0000000000000000e+00
 0.0000000000000000e+00 8.1250000000000000e-01 1.0000000000000000e+00
 0.0000000000000000e+00 7.8906250000000000e-01 1.0000000000000000e+00
 0.0000000000000000e+00 7.6562500000000000e-01 1.0000000000000000e+00
 0.0000000000000000e+00 7.4218750000000000e-01 1.0000000000000000e+00
 0.0000000000000000e+00 7.1875000000000000e-01 1.0000000000000000e+00
 0.0000000000000000e+00 6.9531250000000000e-01 1.0000000000000000e+00
 0.0000000000000000e+00 6.7187500000000000e-01 1.0000000000000000e+00
 0.0000000000000000e+00 6.4843750000000000e-01 1.0000000000000000e+00
 0.0000000000000000e+00 6.2500000000000000e-01 1.0000000000000000e+00
 0.0000000000000000e+00 6.0156250000000000e-01 1.0000000000000000e+00
 0.0000000000000000e+00 5.7812500000000000e-01 1.0000000000000000e+00
 0.0000000000000000e+00 5.5468750000000000e-01 1.0000000000000000e+00
 0.0000000000000000e+00 5.3125000000000000e-01 1.0000000000000000e+00
 0.0000000000000000e+00 5.0781250000000000e-01 1.0000000000000000e+00
 0.0000000000000000e+00 4.8437500000000000e-01 1.0000000000000000e+00
 0.0000000000000000e+00 4.6093750000000000e-01 1.0000000000000000e+00
 0.0000000000000000e+00 4.3750000000000000e-01 1.0000000000000000e+00
 0.0000000000000000e+00 4.1406250000000000e-01 1.0000000000000000e+00
 0.0000000000000000e+00 3.9062500000000000e-01 1.0000000000000000e+00
 0.0000000000000000e+00 3.6718750000000000e-01 1.0000000000000000e+00
 0.0000000000000000e+00 3.4375000000000000e-01 1.0000000000000000e+00
 0.0000000000000000e+00 3.2031250000000000e-01 1.0000000000000000e+00
 0.0000000000000000e+00 2.9687500000000000e-01 1.0000000000000000e+00
 0.0000000000000000e+00 2.7343750000000000e-01 1.0000000000000000e+00
 0.0000000000000000e+00 2.5000000000000000e-01 1.0000000000000000e+00
 0.0000000000000000e+00 2.2656250000000000e-01 1.0000000000000000e+00
 0.0000000000000000e+00 2.0312500000000000e-01 1.0000000000000000e+00
 0.0000000000000000e+00 1.7968750000000000e-01 1.0000000000000000e+00
 0.0000000000000000e+00 1.5625000000000000e-01 1.0000000000000000e+00
 0.0000000000000000e+00 1.3281250000000000e-01 1.0000000000000000e+00
 0.0000000000000000e+00 1.0937500000000000e-01 1.0000000000000000e+00
 0.0000000000000000e+00 8.5937500000000000e-02 1.0000000000000000e+00
 0.0000000000000000e+00 6.2500000000000000e-02 1.0000000000000000e+00
 0.0000000000000000e+00 3.9062500000000000e-02 1.0000000000000000e+00
 0.0000000000000000e+00 1.5625000000000000e-02 1.0000000000000000e+00
 7.8125000000000000e-03 0.0000000000000000e+00 1.0000000000000000e+00
 3.1250000000000000e-02 0.0000000000000000e+00 1.0000000000000000e+00
 5.4687500000000000e-02 0.0000000000000000e+00 1.0000000000000000e+00
 7.8125000000000000e-02 0.0000000000000000e+00 1.0000000000000000e+00
 1.0156250000000000e-01 0.0000000000000000e+00 1.0000000000000000e+00
 1.2500000000000000e-01 0.0000000000000000e+00 1.0000000000000000e+00
 1.4843750000000000e-01 0.0000000000000000e+00 1.0000000000000000e+00
 1.7187500000000000e-01 0.0000000000000000e+00 1.0000000000000000e+00
 1.9531250000000000e-01 0.0000000000000000e+00 1.0000000000000000e+00
 2.1875000000000000e-01 0.0000000000000000e+00 1.0000000000000000e+00
 2.4218750000000000e-01 0.0000000000000000e+00 1.0000000000000000e+00
 2.6562500000000000e-01 0.0000000000000000e+00 1.0000000000000000e+00
 2.8906250000000000e-01 0.0000000000000000e+00 1.0000000000000000e+00
 3.1250000000000000e-01 0.0000000000000000e+00 1.0000000000000000e+00
 3.3593750000000000e-01 0.0000000000000000e+00 1.0000000000000000e+00
 3.5937500000000000e-01 0.0000000000000000e+00 1.0000000000000000e+00
 3.8281250000000000e-01 0.0000000000000000e+00 1.0000000000000000e+00
 4.0625000000000000e-01 0.0000000000000000e+00 1.0000000000000000e+00
 4.2968750000000000e-01 0.0000000000000000e+00 1.0000000000000000e+00
 4.5312500000000000e-01 0.0000000000000000e+00 1.0000000000000000e+00
 4.7656250000000000e-01 0.0000000000000000e+00 1.0000000000000000e+00
 5.0000000000000000e-01 0.0000000000000000e+00 1.0000000000000000e+00
 5.2343750000000000e-01 0.0000000000000000e+00 1.0000000000000000e+00
 5.4687500000000000e-01 0.0000000000000000e+00 1.0000000000000000e+00
 5.7031250000000000e-01 0.0000000000000000e+00 1.0000000000000000e+00
 5.9375000000000000e-01 0.0000000000000000e+00 1.0000000000000000e+00
 6.1718750000000000e-01 0.0000000000000000e+00 1.0000000000000000e+00
 6.4062500000000000e-01 0.0000000000000000e+00 1.0000000000000000e+00
 6.6406250000000000e-01 0.0000000000000000e+00 1.0000000000000000e+00
 6.8750000000000000e-01 0.0000000000000000e+00 1.0000000000000000e+00
 7.1093750000000000e-01 0.0000000000000000e+00 1.0000000000000000e+00
 7.3437500000000000e-01 0.0000000000000000e+00 1.0000000000000000e+00
 7.5781250000000000e-01 0.0000000000000000e+00 1.0000000000000000e+00
 7.8125000000000000e-01 0.0000000000000000e+00 1.0000000000000000e+00
 8.0468750000000000e-01 0.0000000000000000e+00 1.0000000000000000e+00
 8.2812500000000000e-01 0.0000000000000000e+00 1.0000000000000000e+00
 8.5156250000000000e-01 0.0000000000000000e+00 1.0000000000000000e+00
 8.7500000000000000e-01 0.0000000000000000e+00 1.0000000000000000e+00
 8.9843750000000000e-01 0.0000000000000000e+00 1.0000000000000000e+00
 9.2187500000000000e-01 0.0000000000000000e+00 1.0000000000000000e+00
 9.4531250000000000e-01 0.0000000000000000e+00 1.0000000000000000e+00
 9.6875000000000000e-01 0.0000000000000000e+00 1.0000000000000000e+00
 9.9218750000000000e-01 0.0000000000000000e+00 1.0000000000000000e+00
 1.0000000000000000e+00 0.0000000000000000e+00 9.8437500000000000e-01
 1.0000000000000000e+00 0.0000000000000000e+00 9.6093750000000000e-01
 1.0000000000000000e+00 0.0000000000000000e+00 9.3750000000000000e-01
 1.0000000000000000e+00 0.0000000000000000e+00 9.1406250000000000e-01
 1.0000000000000000e+00 0.0000000000000000e+00 8.9062500000000000e-01
 1.0000000000000000e+00 0.0000000000000000e+00 8.6718750000000000e-01
 1.0000000000000000e+00 0.0000000000000000e+00 8.4375000000000000e-01
 1.0000000000000000e+00 0.0000000000000000e+00 8.2031250000000000e-01
 1.0000000000000000e+00 0.0000000000000000e+00 7.9687500000000000e-01
 1.0000000000000000e+00 0.0000000000000000e+00 7.7343750000000000e-01
 1.0000000000000000e+00 0.0000000000000000e+00 7.5000000000000000e-01
 1.0000000000000000e+00 0.0000000000000000e+00 7.2656250000000000e-01
 1.0000000000000000e+00 0.0000000000000000e+00 7.0312500000000000e-01
 1.0000000000000000e+00 0.0000000000000000e+00 6.7968750000000000e-01
 1.0000000000000000e+00 0.0000000000000000e+00 6.5625000000000000e-01
 1.0000000000000000e+00 0.0000000000000000e+00 6.3281250000000000e-01
 1.0000000000000000e+00 0.0000000000000000e+00 6.0937500000000000e-01
 1.0000000000000000e+00 0.0000000000000000e+00 5.8593750000000000e-01
 1.0000000000000000e+00 0.0000000000000000e+00 5.6250000000000000e-01
 1.0000000000000000e+00 0.0000000000000000e+00 5.3906250000000000e-01
 1.0000000000000000e+00 0.0000000000000000e+00 5.1562500000000000e-01
 1.0000000000000000e+00 0.0000000000000000e+00 4.9218750000000000e-01
 1.0000000000000000e+00 0.0000000000000000e+00 4.6875000000000000e-01
 1.0000000000000000e+00 0.0000000000000000e+00 4.4531250000000000e-01
 1.0000000000000000e+00 0.0000000000000000e+00 4.2187500000000000e-01
 1.0000000000000000e+00 0.0000000000000000e+00 3.9843750000000000e-01
 1.0000000000000000e+00 0.0000000000000000e+00 3.7500000000000000e-01
 1.0000000000000000e+00 0.0000000000000000e+00 3.5156250000000000e-01
 1.0000000000000000e+00 0.0000000000000000e+00 3.2812500000000000e-01
 1.0000000000000000e+00 0.0000000000000000e+00 3.0468750000000000e-01
 1.0000000000000000e+00 0.0000000000000000e+00 2.8125000000000000e-01
 1.0000000000000000e+00 0.0000000000000000e+00 2.5781250000000000e-01
 1.0000000000000000e+00 0.0000000000000000e+00 2.3437500000000000e-01
 1.0000000000000000e+00 0.0000000000000000e+00 2.1093750000000000e-01
 1.0000000000000000e+00 0.0000000000000000e+00 1.8750000000000000e-01
 1.0000000000000000e+00 0.0000000000000000e+00 1.6406250000000000e-01
 1.0000000000000000e+00 0.0000000000000000e+00 1.4062500000000000e-01
 1.0000000000000000e+00 0.0000000000000000e+00 1.1718750000000000e-01
 1.0000000000000000e+00 0.0000000000000000e+00 9.3750000000000000e-02
 1.0000000000000000e+00 0.0000000000000000e+00 7.0312500000000000e-02
 1.0000000000000000e+00 0.0000000000000000e+00 4.6875000000000000e-02
 1.0000000000000000e+00 0.0000000000000000e+00 2.3437500000000000e-02
