 2.0810000000000001e-01 1.6630000000000000e-01 5.2920000000000000e-01
 2.0910000000000001e-01 1.7210000000000000e-01 5.4110000000000003e-01
 2.1010000000000001e-01 1.7790000000000000e-01 5.5300000000000005e-01
 2.1090000000000000e-01 1.8370000000000000e-01 5.6499999999999995e-01
 2.1160000000000001e-01 1.8950000000000000e-01 5.7709999999999995e-01
 2.1210000000000001e-01 1.9539999999999999e-01 5.8919999999999995e-01
 2.1240000000000001e-01 2.0130000000000001e-01 6.0129999999999995e-01
 2.1249999999999999e-01 2.0720000000000000e-01 6.1350000000000005e-01
 2.1229999999999999e-01 2.1320000000000000e-01 6.2580000000000002e-01
 2.1179999999999999e-01 2.1920000000000001e-01 6.3810000000000000e-01
 2.1110000000000001e-01 2.2530000000000000e-01 6.5049999999999997e-01
 2.0990000000000000e-01 2.3150000000000001e-01 6.6290000000000004e-01
 2.0840000000000000e-01 2.3769999999999999e-01 6.7530000000000001e-01
 2.0630000000000001e-01 2.4399999999999999e-01 6.8779999999999997e-01
 2.0380000000000001e-01 2.5030000000000002e-01 7.0030000000000003e-01
 2.0060000000000000e-01 2.5679999999999997e-01 7.1289999999999998e-01
 1.9680000000000000e-01 2.6319999999999999e-01 7.2550000000000003e-01
 1.9209999999999999e-01 2.6979999999999998e-01 7.3809999999999998e-01
 1.8670000000000000e-01 2.7639999999999998e-01 7.5070000000000003e-01
 1.8020000000000000e-01 2.8320000000000001e-01 7.6339999999999997e-01
 1.7280000000000001e-01 2.9020000000000001e-01 7.7620000000000000e-01
 1.6410000000000000e-01 2.9749999999999999e-01 7.8900000000000003e-01
 1.5409999999999999e-01 3.0520000000000003e-01 8.0169999999999997e-01
 1.4269999999999999e-01 3.1319999999999998e-01 8.1450000000000000e-01
 1.2950000000000000e-01 3.2169999999999999e-01 8.2689999999999997e-01
 1.1470000000000000e-01 3.3060000000000000e-01 8.3870000000000000e-01
 9.8599999999999993e-02 3.3970000000000000e-01 8.4950000000000003e-01
 8.1600000000000006e-02 3.4860000000000002e-01 8.5880000000000001e-01
 6.4600000000000005e-02 3.5720000000000002e-01 8.6639999999999995e-01
 4.8200000000000000e-02 3.6509999999999998e-01 8.7219999999999998e-01
 3.2899999999999999e-02 3.7240000000000001e-01 8.7649999999999995e-01
 2.1299999999999999e-02 3.7919999999999998e-01 8.7960000000000005e-01
 1.3599999999999999e-02 3.8529999999999998e-01 8.8149999999999995e-01
 8.6000000000000000e-03 3.9110000000000000e-01 8.8270000000000004e-01
 6.0000000000000001e-03 3.9650000000000002e-01 8.8329999999999997e-01
 5.1000000000000004e-03 4.0170000000000000e-01 8.8339999999999996e-01
 5.4000000000000003e-03 4.0660000000000002e-01 8.8310000000000000e-01
 6.7000000000000002e-03 4.1130000000000000e-01 8.8249999999999995e-01
 8.8999999999999999e-03 4.1589999999999999e-01 8.8160000000000005e-01
 1.1599999999999999e-02 4.2030000000000001e-01 8.8049999999999995e-01
 1.4800000000000001e-02 4.2459999999999998e-01 8.7929999999999997e-01
 1.8400000000000000e-02 4.2880000000000001e-01 8.7790000000000001e-01
 2.2300000000000000e-02 4.3290000000000001e-01 8.7629999999999997e-01
 2.6400000000000000e-02 4.3700000000000000e-01 8.7470000000000003e-01
 3.0599999999999999e-02 4.4100000000000000e-01 8.7290000000000001e-01
 3.4900000000000000e-02 4.4490000000000002e-01 8.7109999999999999e-01
 3.9399999999999998e-02 4.4879999999999998e-01 8.6919999999999997e-01
 4.3700000000000003e-02 4.5260000000000000e-01 8.6719999999999997e-01
 4.7699999999999999e-02 4.5639999999999997e-01 8.6519999999999997e-01
 5.1400000000000001e-02 4.6020000000000000e-01 8.6319999999999997e-01
 5.4899999999999997e-02 4.6400000000000002e-01 8.6109999999999998e-01
 5.8200000000000002e-02 4.6770000000000000e-01 8.5890000000000000e-01
 6.1199999999999997e-02 4.7139999999999999e-01 8.5680000000000001e-01
 6.4000000000000001e-02 4.7510000000000002e-01 8.5460000000000003e-01
 6.6600000000000006e-02 4.7880000000000000e-01 8.5250000000000004e-01
 6.8900000000000003e-02 4.8249999999999998e-01 8.5029999999999994e-01
 7.0999999999999994e-02 4.8620000000000002e-01 8.4809999999999997e-01
 7.2900000000000006e-02 4.8990000000000000e-01 8.4599999999999997e-01
 7.4600000000000000e-02 4.9370000000000003e-01 8.4389999999999998e-01
 7.6100000000000001e-02 4.9740000000000001e-01 8.4179999999999999e-01
 7.7299999999999994e-02 5.0119999999999998e-01 8.3979999999999999e-01
 7.8200000000000006e-02 5.0509999999999999e-01 8.3779999999999999e-01
 7.8899999999999998e-02 5.0890000000000002e-01 8.3589999999999998e-01
 7.9399999999999998e-02 5.1290000000000002e-01 8.3409999999999995e-01
 7.9500000000000001e-02 5.1690000000000003e-01 8.3240000000000003e-01
 7.9299999999999995e-02 5.2100000000000002e-01 8.3079999999999998e-01
 7.8799999999999995e-02 5.2510000000000001e-01 8.2930000000000004e-01
 7.7799999999999994e-02 5.2949999999999997e-01 8.2799999999999996e-01
 7.6399999999999996e-02 5.3390000000000004e-01 8.2699999999999996e-01
 7.4600000000000000e-02 5.3839999999999999e-01 8.2609999999999995e-01
 7.2400000000000006e-02 5.4310000000000003e-01 8.2530000000000003e-01
 6.9800000000000001e-02 5.4790000000000005e-01 8.2469999999999999e-01
 6.6799999999999998e-02 5.5269999999999997e-01 8.2430000000000003e-01
 6.3600000000000004e-02 5.5769999999999997e-01 8.2389999999999997e-01
 5.9999999999999998e-02 5.6269999999999998e-01 8.2369999999999999e-01
 5.6200000000000000e-02 5.6769999999999998e-01 8.2340000000000002e-01
 5.2299999999999999e-02 5.7269999999999999e-01 8.2310000000000005e-01
 4.8399999999999999e-02 5.7769999999999999e-01 8.2279999999999998e-01
 4.4499999999999998e-02 5.8260000000000001e-01 8.2230000000000003e-01
 4.0800000000000003e-02 5.8740000000000003e-01 8.2169999999999999e-01
 3.7199999999999997e-02 5.9219999999999995e-01 8.2089999999999996e-01
 3.4200000000000001e-02 5.9680000000000000e-01 8.1979999999999997e-01
 3.1699999999999999e-02 6.0119999999999996e-01 8.1859999999999999e-01
 2.9600000000000001e-02 6.0550000000000004e-01 8.1710000000000005e-01
 2.7900000000000001e-02 6.0970000000000002e-01 8.1540000000000001e-01
 2.6499999999999999e-02 6.1370000000000002e-01 8.1350000000000000e-01
 2.5499999999999998e-02 6.1760000000000004e-01 8.1140000000000001e-01
 2.4799999999999999e-02 6.2139999999999995e-01 8.0910000000000004e-01
 2.4299999999999999e-02 6.2500000000000000e-01 8.0659999999999998e-01
 2.3900000000000001e-02 6.2849999999999995e-01 8.0389999999999995e-01
 2.3699999999999999e-02 6.3190000000000002e-01 8.0100000000000005e-01
 2.3500000000000000e-02 6.3519999999999999e-01 7.9800000000000004e-01
 2.3300000000000001e-02 6.3839999999999997e-01 7.9479999999999995e-01
 2.3099999999999999e-02 6.4149999999999996e-01 7.9159999999999997e-01
 2.3000000000000000e-02 6.4449999999999996e-01 7.8810000000000002e-01
 2.2900000000000000e-02 6.4739999999999998e-01 7.8459999999999996e-01
 2.2700000000000001e-02 6.5029999999999999e-01 7.8100000000000003e-01
 2.2700000000000001e-02 6.5310000000000001e-01 7.7729999999999999e-01
 2.3199999999999998e-02 6.5580000000000005e-01 7.7349999999999997e-01
 2.3800000000000002e-02 6.5849999999999997e-01 7.6959999999999995e-01
 2.4600000000000000e-02 6.6110000000000002e-01 7.6559999999999995e-01
 2.6300000000000000e-02 6.6369999999999996e-01 7.6149999999999995e-01
 2.8199999999999999e-02 6.6630000000000000e-01 7.5739999999999996e-01
 3.0599999999999999e-02 6.6879999999999995e-01 7.5319999999999998e-01
 3.3799999999999997e-02 6.7120000000000002e-01 7.4900000000000000e-01
 3.7300000000000000e-02 6.7369999999999997e-01 7.4460000000000004e-01
 4.1799999999999997e-02 6.7610000000000003e-01 7.4019999999999997e-01
 4.6699999999999998e-02 6.7840000000000000e-01 7.3580000000000001e-01
 5.1600000000000000e-02 6.8079999999999996e-01 7.3129999999999995e-01
 5.7400000000000000e-02 6.8310000000000004e-01 7.2670000000000001e-01
 6.2899999999999998e-02 6.8540000000000001e-01 7.2209999999999996e-01
 6.9199999999999998e-02 6.8769999999999998e-01 7.1730000000000005e-01
 7.5499999999999998e-02 6.8989999999999996e-01 7.1260000000000001e-01
 8.2000000000000003e-02 6.9210000000000005e-01 7.0779999999999998e-01
 8.8900000000000007e-02 6.9430000000000003e-01 7.0289999999999997e-01
 9.5600000000000004e-02 6.9650000000000001e-01 6.9789999999999996e-01
 1.0310000000000000e-01 6.9860000000000000e-01 6.9289999999999996e-01
 1.1040000000000000e-01 7.0069999999999999e-01 6.8779999999999997e-01
 1.1799999999999999e-01 7.0279999999999998e-01 6.8269999999999997e-01
 1.2580000000000000e-01 7.0489999999999997e-01 6.7749999999999999e-01
 1.3350000000000001e-01 7.0689999999999997e-01 6.7230000000000001e-01
 1.4180000000000001e-01 7.0889999999999997e-01 6.6690000000000005e-01
 1.4990000000000001e-01 7.1089999999999998e-01 6.6159999999999997e-01
 1.5850000000000000e-01 7.1289999999999998e-01 6.5610000000000002e-01
 1.6710000000000000e-01 7.1479999999999999e-01 6.5069999999999995e-01
 1.7580000000000001e-01 7.1679999999999999e-01 6.4510000000000001e-01
 1.8490000000000001e-01 7.1860000000000002e-01 6.3949999999999996e-01
 1.9380000000000000e-01 7.2050000000000003e-01 6.3380000000000003e-01
 2.0330000000000001e-01 7.2230000000000005e-01 6.2809999999999999e-01
 2.1279999999999999e-01 7.2409999999999997e-01 6.2229999999999996e-01
 2.2239999999999999e-01 7.2589999999999999e-01 6.1650000000000005e-01
 2.3240000000000000e-01 7.2750000000000004e-01 6.1070000000000002e-01
 2.4229999999999999e-01 7.2919999999999996e-01 6.0480000000000000e-01
 2.5269999999999998e-01 7.3080000000000001e-01 5.9880000000000000e-01
 2.6310000000000000e-01 7.3240000000000005e-01 5.9289999999999998e-01
 2.7350000000000002e-01 7.3390000000000000e-01 5.8689999999999998e-01
 2.8449999999999998e-01 7.3540000000000005e-01 5.8089999999999997e-01
 2.9530000000000001e-01 7.3680000000000001e-01 5.7489999999999997e-01
 3.0640000000000001e-01 7.3809999999999998e-01 5.6889999999999996e-01
 3.1769999999999998e-01 7.3939999999999995e-01 5.6299999999999994e-01
 3.2890000000000003e-01 7.4060000000000004e-01 5.5700000000000005e-01
 3.4050000000000002e-01 7.4170000000000003e-01 5.5120000000000002e-01
 3.5199999999999998e-01 7.4280000000000002e-01 5.4530000000000001e-01
 3.6349999999999999e-01 7.4380000000000002e-01 5.3959999999999997e-01
 3.7530000000000002e-01 7.4460000000000004e-01 5.3390000000000004e-01
 3.8690000000000002e-01 7.4539999999999995e-01 5.2829999999999999e-01
 3.9860000000000001e-01 7.4609999999999999e-01 5.2290000000000003e-01
 4.1030000000000000e-01 7.4670000000000003e-01 5.1749999999999996e-01
 4.2180000000000001e-01 7.4729999999999996e-01 5.1229999999999998e-01
 4.3340000000000001e-01 7.4770000000000003e-01 5.0719999999999998e-01
 4.4469999999999998e-01 7.4819999999999998e-01 5.0209999999999999e-01
 4.5610000000000001e-01 7.4850000000000005e-01 4.9719999999999998e-01
 4.6720000000000000e-01 7.4870000000000003e-01 4.9240000000000000e-01
 4.7830000000000000e-01 7.4890000000000001e-01 4.8770000000000002e-01
 4.8920000000000002e-01 7.4909999999999999e-01 4.8309999999999997e-01
 5.0000000000000000e-01 7.4909999999999999e-01 4.7860000000000003e-01
 5.1060000000000005e-01 7.4919999999999998e-01 4.7410000000000002e-01
 5.2120000000000000e-01 7.4919999999999998e-01 4.6980000000000000e-01
 5.3149999999999997e-01 7.4909999999999999e-01 4.6550000000000002e-01
 5.4179999999999995e-01 7.4900000000000000e-01 4.6129999999999999e-01
 5.5189999999999995e-01 7.4890000000000001e-01 4.5710000000000001e-01
 5.6189999999999996e-01 7.4870000000000003e-01 4.5310000000000000e-01
 5.7179999999999997e-01 7.4850000000000005e-01 4.4900000000000001e-01
 5.8160000000000001e-01 7.4819999999999998e-01 4.4510000000000000e-01
 5.9130000000000005e-01 7.4790000000000001e-01 4.4119999999999998e-01
 6.0089999999999999e-01 7.4760000000000004e-01 4.3740000000000001e-01
 6.1029999999999995e-01 7.4729999999999996e-01 4.3350000000000000e-01
 6.1970000000000003e-01 7.4690000000000001e-01 4.2980000000000002e-01
 6.2900000000000000e-01 7.4650000000000005e-01 4.2609999999999998e-01
 6.3819999999999999e-01 7.4600000000000000e-01 4.2240000000000000e-01
 6.4729999999999999e-01 7.4560000000000004e-01 4.1880000000000001e-01
 6.5639999999999998e-01 7.4509999999999998e-01 4.1520000000000001e-01
 6.6530000000000000e-01 7.4460000000000004e-01 4.1160000000000002e-01
 6.7420000000000002e-01 7.4409999999999998e-01 4.0810000000000002e-01
 6.8300000000000005e-01 7.4350000000000005e-01 4.0460000000000002e-01
 6.9179999999999997e-01 7.4299999999999999e-01 4.0110000000000001e-01
 7.0040000000000002e-01 7.4239999999999995e-01 3.9760000000000001e-01
 7.0909999999999995e-01 7.4180000000000001e-01 3.9419999999999999e-01
 7.1760000000000002e-01 7.4119999999999997e-01 3.9079999999999998e-01
 7.2609999999999997e-01 7.4050000000000005e-01 3.8740000000000002e-01
 7.3460000000000003e-01 7.3990000000000000e-01 3.8400000000000001e-01
 7.4299999999999999e-01 7.3919999999999997e-01 3.8059999999999999e-01
 7.5129999999999997e-01 7.3850000000000005e-01 3.7730000000000002e-01
 7.5960000000000005e-01 7.3780000000000001e-01 3.7390000000000001e-01
 7.6790000000000003e-01 7.3719999999999997e-01 3.7059999999999998e-01
 7.7610000000000001e-01 7.3640000000000005e-01 3.6730000000000002e-01
 7.8430000000000000e-01 7.3570000000000002e-01 3.6390000000000000e-01
 7.9239999999999999e-01 7.3499999999999999e-01 3.6059999999999998e-01
 8.0049999999999999e-01 7.3429999999999995e-01 3.5730000000000001e-01
 8.0850000000000000e-01 7.3360000000000003e-01 3.5389999999999999e-01
 8.1659999999999999e-01 7.3290000000000000e-01 3.5060000000000002e-01
 8.2460000000000000e-01 7.3219999999999996e-01 3.4720000000000001e-01
 8.3250000000000002e-01 7.3150000000000004e-01 3.4379999999999999e-01
 8.4050000000000002e-01 7.3080000000000001e-01 3.4039999999999998e-01
 8.4840000000000004e-01 7.3009999999999997e-01 3.3700000000000002e-01
 8.5629999999999995e-01 7.2940000000000005e-01 3.3360000000000001e-01
 8.6419999999999997e-01 7.2880000000000000e-01 3.3000000000000002e-01
 8.7200000000000000e-01 7.2819999999999996e-01 3.2650000000000001e-01
 8.7980000000000003e-01 7.2760000000000002e-01 3.2290000000000002e-01
 8.8770000000000004e-01 7.2709999999999997e-01 3.1929999999999997e-01
 8.9539999999999997e-01 7.2660000000000002e-01 3.1559999999999999e-01
 9.0320000000000000e-01 7.2619999999999996e-01 3.1169999999999998e-01
 9.1100000000000003e-01 7.2589999999999999e-01 3.0780000000000002e-01
 9.1869999999999996e-01 7.2560000000000002e-01 3.0380000000000001e-01
 9.2640000000000000e-01 7.2560000000000002e-01 2.9959999999999998e-01
 9.3410000000000004e-01 7.2560000000000002e-01 2.9530000000000001e-01
 9.4169999999999998e-01 7.2589999999999999e-01 2.9070000000000001e-01
 9.4930000000000003e-01 7.2640000000000005e-01 2.8589999999999999e-01
 9.5669999999999999e-01 7.2729999999999995e-01 2.8079999999999999e-01
 9.6389999999999998e-01 7.2850000000000004e-01 2.7539999999999998e-01
 9.7080000000000000e-01 7.3029999999999995e-01 2.6960000000000001e-01
 9.7729999999999995e-01 7.3260000000000003e-01 2.6340000000000002e-01
 9.8309999999999997e-01 7.3550000000000004e-01 2.5700000000000001e-01
 9.8819999999999997e-01 7.3899999999999999e-01 2.5040000000000001e-01
 9.9219999999999997e-01 7.4309999999999998e-01 2.4370000000000000e-01
 9.9519999999999997e-01 7.4760000000000004e-01 2.3730000000000001e-01
 9.9729999999999996e-01 7.5239999999999996e-01 2.3100000000000001e-01
 9.9860000000000004e-01 7.5729999999999997e-01 2.2509999999999999e-01
 9.9909999999999999e-01 7.6239999999999997e-01 2.1950000000000000e-01
 9.9900000000000000e-01 7.6749999999999996e-01 2.1410000000000001e-01
 9.9850000000000005e-01 7.7259999999999995e-01 2.0899999999999999e-01
 9.9760000000000004e-01 7.7780000000000005e-01 2.0419999999999999e-01
 9.9639999999999995e-01 7.8290000000000004e-01 1.9950000000000001e-01
 9.9500000000000000e-01 7.8800000000000003e-01 1.9489999999999999e-01
 9.9329999999999996e-01 7.9310000000000003e-01 1.9050000000000000e-01
 9.9139999999999995e-01 7.9810000000000003e-01 1.8629999999999999e-01
 9.8939999999999995e-01 8.0320000000000003e-01 1.8210000000000001e-01
 9.8729999999999996e-01 8.0830000000000002e-01 1.7799999999999999e-01
 9.8509999999999998e-01 8.1330000000000002e-01 1.7399999999999999e-01
 9.8280000000000001e-01 8.1840000000000002e-01 1.7000000000000001e-01
 9.8050000000000004e-01 8.2350000000000001e-01 1.6610000000000000e-01
 9.7819999999999996e-01 8.2860000000000000e-01 1.6220000000000001e-01
 9.7589999999999999e-01 8.3370000000000000e-01 1.5830000000000000e-01
 9.7360000000000002e-01 8.3889999999999998e-01 1.5440000000000001e-01
 9.7130000000000005e-01 8.4409999999999996e-01 1.5049999999999999e-01
 9.6919999999999995e-01 8.4940000000000004e-01 1.4649999999999999e-01
 9.6719999999999995e-01 8.5480000000000000e-01 1.4249999999999999e-01
 9.6540000000000004e-01 8.6029999999999995e-01 1.3850000000000001e-01
 9.6379999999999999e-01 8.6590000000000000e-01 1.3430000000000000e-01
 9.6230000000000004e-01 8.7160000000000004e-01 1.3009999999999999e-01
 9.6109999999999995e-01 8.7739999999999996e-01 1.2580000000000000e-01
 9.5999999999999996e-01 8.8339999999999996e-01 1.2150000000000000e-01
 9.5930000000000004e-01 8.8949999999999996e-01 1.1710000000000000e-01
 9.5879999999999999e-01 8.9580000000000004e-01 1.1260000000000001e-01
 9.5860000000000001e-01 9.0220000000000000e-01 1.0820000000000000e-01
 9.5870000000000000e-01 9.0880000000000005e-01 1.0360000000000000e-01
 9.5909999999999995e-01 9.1549999999999998e-01 9.9000000000000005e-02
 9.5989999999999998e-01 9.2249999999999999e-01 9.4399999999999998e-02
 9.6099999999999997e-01 9.2959999999999998e-01 8.9700000000000002e-02
 9.6240000000000003e-01 9.3679999999999997e-01 8.5000000000000006e-02
 9.6409999999999996e-01 9.4430000000000003e-01 8.0199999999999994e-02
 9.6619999999999995e-01 9.5179999999999998e-01 7.5300000000000006e-02
 9.6850000000000003e-01 9.5950000000000002e-01 7.0300000000000001e-02
 9.7099999999999997e-01 9.6730000000000005e-01 6.5100000000000005e-02
 9.7360000000000002e-01 9.7519999999999996e-01 5.9700000000000003e-02
 9.7629999999999995e-01 9.8309999999999997e-01 5.3800000000000001e-02
