 5.8925565098878960e-02 0.0000000000000000e+00 0.0000000000000000e+00
 9.7769236109380361e-02 5.1130999256491359e-02 5.1130999256491359e-02
 1.2508167266470860e-01 7.2310152606218717e-02 7.2310152606218717e-02
 1.4741786236338814e-01 8.8561488554009526e-02 8.8561488554009526e-02
 1.6678917066458598e-01 1.0226199851298272e-01 1.0226199851298272e-01
 1.8413372520581323e-01 1.1433239009500590e-01 1.1433239009500590e-01
 1.9997957412035730e-01 1.2524485821702991e-01 1.2524485821702991e-01
 2.1465887210303938e-01 1.3527990831890463e-01 1.3527990831890463e-01
 2.2839665645481452e-01 1.4462030521243743e-01 1.4462030521243743e-01
 2.4135375279230298e-01 1.5339299776947410e-01 1.5339299776947410e-01
 2.5364982809794617e-01 1.6169041669088866e-01 1.6169041669088866e-01
 2.6537678233279410e-01 1.6958233968972278e-01 1.6958233968972278e-01
 2.7660700986868847e-01 1.7712297710801905e-01 1.7712297710801905e-01
 2.8739874602316251e-01 1.8435543958499070e-01 1.8435543958499070e-01
 2.9779966508187317e-01 1.9131468106118382e-01 1.9131468106118382e-01
 3.0784938172759962e-01 1.9802950859533486e-01 1.9802950859533486e-01
 3.1758123864179211e-01 2.0452399702596544e-01 2.0452399702596544e-01
 3.2702361450580969e-01 2.1081851067789195e-01 2.1081851067789195e-01
 3.3620090087867699e-01 2.1693045781865616e-01 2.1693045781865616e-01
 3.4513424498131673e-01 2.2287485864129916e-01 2.2287485864129916e-01
 3.5384212350427285e-01 2.2866478019001180e-01 2.2866478019001180e-01
 3.6234079217389065e-01 2.3431167445160245e-01 2.3431167445160245e-01
 3.7064464245472661e-01 2.3982564472816714e-01 2.3982564472816714e-01
 3.7876648780954963e-01 2.4521565805276049e-01 2.4521565805276049e-01
 3.8671779580822402e-01 2.5048971643405982e-01 2.5048971643405982e-01
 3.9450887810283913e-01 2.5565499628245680e-01 2.5565499628245680e-01
 4.0214904725630063e-01 2.6071796295834759e-01 2.6071796295834759e-01
 4.0964674723026895e-01 2.6568446566202858e-01 2.6568446566202858e-01
 4.1700966274599616e-01 2.7055981663780926e-01 2.7055981663780926e-01
 4.2424481155427107e-01 2.7534885774967777e-01 2.7534885774967777e-01
 4.3135862276985781e-01 2.8005601680560194e-01 2.8005601680560194e-01
 4.3835700375960462e-01 2.8468535549618096e-01 2.8468535549618096e-01
 4.4524539756440784e-01 2.8924061042487487e-01 2.8924061042487487e-01
 4.5202883244266306e-01 2.9372522840900400e-01 2.9372522840900400e-01
 4.5871196481742949e-01 2.9814239699997197e-01 2.9814239699997197e-01
 4.6529911666997198e-01 3.0249507099101008e-01 3.0249507099101008e-01
 4.7179430823299018e-01 3.0678599553894820e-01 3.0678599553894820e-01
 4.7820128668609341e-01 3.1101772641409181e-01 3.1101772641409181e-01
 4.8452355143524745e-01 3.1519264780251166e-01 3.1519264780251166e-01
 4.9076437646045012e-01 3.1931298801289859e-01 3.1931298801289859e-01
 4.9692683013679578e-01 3.2338083338177731e-01 3.2338083338177731e-01
 5.0301379286953296e-01 3.2739814062340084e-01 3.2739814062340084e-01
 5.0902797283075030e-01 3.3136674783180559e-01 3.3136674783180559e-01
 5.1497192004163928e-01 3.3528838431057340e-01 3.3528838431057340e-01
 5.2084803900807963e-01 3.3916467937944555e-01 3.3916467937944555e-01
 5.2665860008714527e-01 3.4299717028501769e-01 3.4299717028501769e-01
 5.3240574973692867e-01 3.4678730932445717e-01 3.4678730932445717e-01
 5.3809151978091119e-01 3.5053647027586737e-01 3.5053647027586737e-01
 5.4371783580026167e-01 3.5424595421603811e-01 3.5424595421603811e-01
 5.4928652475234618e-01 3.5791699479543954e-01 3.5791699479543954e-01
 5.5479932190090075e-01 3.6155076303109362e-01 3.6155076303109362e-01
 5.6025787713238706e-01 3.6514837167011072e-01 3.6514837167011072e-01
 5.6566376072369928e-01 3.6871087916998141e-01 3.6871087916998141e-01
 5.7101846861836958e-01 3.7223929333597761e-01 3.7223929333597761e-01
 5.7632342726151387e-01 3.7573457465108967e-01 3.7573457465108967e-01
 5.8157999803779958e-01 3.7919763932968076e-01 3.7919763932968076e-01
 5.8678948135156328e-01 3.8262936212236764e-01 3.8262936212236764e-01
 5.9195312038372272e-01 3.8603057889646158e-01 3.8603057889646158e-01
 5.9707210455623838e-01 3.8940208901353440e-01 3.8940208901353440e-01
 6.0214757273147357e-01 3.9274465752327159e-01 3.9274465752327159e-01
 6.0718061617083485e-01 3.9605901719066972e-01 3.9605901719066972e-01
 6.1217228127446632e-01 3.9934587037179509e-01 3.9934587037179509e-01
 6.1712357212147873e-01 4.0260589075170505e-01 4.0260589075170505e-01
 6.2203545282818351e-01 4.0583972495671389e-01 4.0583972495671389e-01
 6.2690884974001837e-01 4.0904799405193087e-01 4.0904799405193087e-01
 6.3174465347127584e-01 4.1223129493389482e-01 4.1223129493389482e-01
 6.3654372080535992e-01 4.1539020162714857e-01 4.1539020162714857e-01
 6.4130687646704798e-01 4.1852526649272975e-01 4.1852526649272975e-01
 6.4603491477714348e-01 4.2163702135578390e-01 4.2163702135578390e-01
 6.5072860119891818e-01 4.2472597855881750e-01 4.2472597855881750e-01
 6.5538867378486954e-01 4.2779263194649864e-01 4.2779263194649864e-01
 6.6001584453153828e-01 4.3083745778736526e-01 4.3083745778736526e-01
 6.6461080064942468e-01 4.3386091563731233e-01 4.3386091563731233e-01
 6.6917420575441999e-01 4.3686344914929010e-01 4.3686344914929010e-01
 6.7370670098660024e-01 4.3984548683325342e-01 4.3984548683325342e-01
 6.7820890606172213e-01 4.4280744277004763e-01 4.4280744277004763e-01
 6.8268142026030521e-01 4.4574971728259832e-01 4.4574971728259832e-01
 6.8712482335876723e-01 4.4867269756748474e-01 4.4867269756748474e-01
 6.9153967650671100e-01 4.5157675828971866e-01 4.5157675828971866e-01
 6.9592652305411962e-01 4.5446226214331409e-01 4.5446226214331409e-01
 7.0028588933191105e-01 4.5732956038002359e-01 4.5732956038002359e-01
 7.0461828538902904e-01 4.6017899330842227e-01 4.6017899330842227e-01
 7.0892420568898951e-01 4.6301089076534718e-01 4.6301089076534718e-01
 7.1320412976857772e-01 4.6582557256154111e-01 4.6582557256154111e-01
 7.1745852286117817e-01 4.6862334890320489e-01 4.6862334890320489e-01
 7.2168783648703227e-01 4.7140452079103168e-01 4.7140452079103168e-01
 7.2589250901254165e-01 4.7416938039817536e-01 4.7416938039817536e-01
 7.3007296618058148e-01 4.7691821142849733e-01 4.7691821142849733e-01
 7.3422962161363525e-01 4.7965128945633428e-01 4.7965128945633428e-01
 7.3836287729143824e-01 4.8236888224893976e-01 4.8236888224893976e-01
 7.4247312400468823e-01 4.8507125007266599e-01 4.8507125007266599e-01
 7.4656074178627330e-01 4.8775864598387814e-01 4.8775864598387814e-01
 7.5062610032136512e-01 4.9043131610552099e-01 4.9043131610552099e-01
 7.5466955933762803e-01 4.9308949989019313e-01 4.9308949989019313e-01
 7.5869146897671080e-01 4.9573343037052497e-01 4.9573343037052497e-01
 7.6269217014810686e-01 4.9836333439760133e-01 4.9836333439760133e-01
 7.6440416370542885e-01 5.0443296321620867e-01 5.0097943286811963e-01
 7.6611233156447978e-01 5.1043042198352018e-01 5.0358194094092579e-01
 7.6781669925844331e-01 5.1635822545347720e-01 5.0617106824353109e-01
 7.6951729203774100e-01 5.2221874564271775e-01 5.0874701906916830e-01
 7.7121413487439749e-01 5.2801422292192390e-01 5.1130999256491361e-01
 7.7290725246631797e-01 5.3374677602308074e-01 5.1386018291136293e-01
 7.7459666924148340e-01 5.3941841108940858e-01 5.1639777949432220e-01
 7.7628240936206150e-01 5.4503102987757657e-01 5.1892296706894170e-01
 7.7796449672843981e-01 5.5058643720727563e-01 5.2143592591669519e-01
 7.7964295498317815e-01 5.5608634774087995e-01 5.2393683199558383e-01
 7.8131780751488655e-01 5.6153239216538564e-01 5.2642585708391643e-01
 7.8298907746202728e-01 5.6692612283980170e-01 5.2890316891800082e-01
 7.8465678771664493e-01 5.7226901896342375e-01 5.3136893132405716e-01
 7.8632096092802417e-01 5.7756249131375303e-01 5.3382330434464731e-01
 7.8798161950627921e-01 5.8280788659706606e-01 5.3626644435989579e-01
 7.8963878562587453e-01 5.8800649144965067e-01 5.3869850420376386e-01
 7.9129248122907958e-01 5.9315953612339201e-01 5.4111963327561852e-01
 7.9294272802935806e-01 5.9826819788561980e-01 5.4352997764733013e-01
 7.9458954751469502e-01 6.0333360415983517e-01 5.4592968016611310e-01
 7.9623296095086082e-01 6.0835683543105379e-01 5.4831888055331623e-01
 7.9787298938461526e-01 6.1333892793697331e-01 5.5069771549935553e-01
 7.9950965364685234e-01 6.1828087616395300e-01 5.5306631875497214e-01
 8.0114297435568715e-01 6.2318363516483233e-01 5.5542482121898717e-01
 8.0277297191948638e-01 6.2804812271389243e-01 5.5777335102271708e-01
 8.0439966653984374e-01 6.3287522131272766e-01 5.6011203361120387e-01
 8.0602307821450070e-01 6.3766578005944730e-01 5.6244099182140495e-01
 8.0764322674021505e-01 6.4242061639241710e-01 5.6476034595748059e-01
 8.0926013171557742e-01 6.4714051771868109e-01 5.6707021386331025e-01
 8.1087381254377744e-01 6.5182624293625380e-01 5.6937071099236192e-01
 8.1248428843532006e-01 6.5647852385861161e-01 5.7166195047502943e-01
 8.1409157841069435e-01 6.6109806654895864e-01 5.7394404318355141e-01
 8.1569570130299385e-01 6.6568555257115258e-01 5.7621709779461561e-01
 8.1729667576049170e-01 6.7024164016356846e-01 5.7848122084974973e-01
 8.1889452024916953e-01 6.7476696534162062e-01 5.8073651681359273e-01
 8.2048925305520293e-01 6.7926214293417631e-01 5.8298308813013744e-01
 8.2208089228740266e-01 6.8372776755863796e-01 5.8522103527703007e-01
 8.2366945587961404e-01 6.8816441453907551e-01 5.8745045681800800e-01
 8.2525496159307443e-01 6.9257264077141978e-01 5.8967144945355254e-01
 8.2683742701873031e-01 6.9695298553940321e-01 5.9188410806983227e-01
 8.2841686957951399e-01 7.0130597128462924e-01 5.9408852578600457e-01
 8.2999330653258208e-01 7.0563210433388490e-01 5.9628479399994394e-01
 8.3156675497151522e-01 7.0993187558656368e-01 5.9847300243245971e-01
 8.3313723182848054e-01 7.1420576116483803e-01 6.0065323917006408e-01
 8.3470475387635756e-01 7.1845422302902173e-01 6.0282559070634811e-01
 8.3626933773082834e-01 7.2267770956037169e-01 6.0499014198202017e-01
 8.3783099985243181e-01 7.2687665611341135e-01 6.0714697642365989e-01
 8.3938975654858505e-01 7.3105148553970112e-01 6.0929617598123775e-01
 8.4094562397556960e-01 7.3520260868483966e-01 6.1143782116444745e-01
 8.4249861814048543e-01 7.3933042486034817e-01 6.1357199107789639e-01
 8.4404875490317188e-01 7.4343532229197484e-01 6.1569876345519925e-01
 8.4559604997809801e-01 7.4751767854584017e-01 6.1781821469201503e-01
 8.4714051893622078e-01 7.5157786093375012e-01 6.1993041987806663e-01
 8.4868217720681327e-01 7.5561622689890739e-01 6.2203545282818362e-01
 8.5022104007926325e-01 7.5963312438316610e-01 6.2413338611240043e-01
 8.5175712270484216e-01 7.6362889217690044e-01 6.2622429108514943e-01
 8.5329044009844546e-01 7.6760386025248062e-01 6.2830823791357804e-01
 8.5482100714030540e-01 7.7155835008228602e-01 6.3038529560502332e-01
 8.5634883857767530e-01 7.7549267494212271e-01 6.3245553203367588e-01
 8.5787394902648761e-01 7.7940714020085700e-01 6.3451901396645893e-01
 8.5939635297298533e-01 7.8330204359702005e-01 6.3657580708815398e-01
 8.6091606477532712e-01 7.8717767550309603e-01 6.3862597602579718e-01
 8.6243309866516760e-01 7.9103431917815503e-01 6.4066958437237309e-01
 8.6394746874921158e-01 7.9487225100945413e-01 6.4270669470983155e-01
 8.6545918901074548e-01 7.9869174074359006e-01 6.4473736863144826e-01
 8.6696827331114290e-01 8.0249305170774887e-01 6.4676166676355462e-01
 8.6847473539134801e-01 8.0627644102156748e-01 6.4877964878665739e-01
 8.6997858887333501e-01 8.1004215980009009e-01 6.5079137345596849e-01
 8.7147984726154537e-01 8.1379045334827094e-01 6.5279689862136536e-01
 8.7297852394430286e-01 8.1752156134745080e-01 6.5479628124680167e-01
 8.7447463219520616e-01 8.2123571803420936e-01 6.5678957742918531e-01
 8.7596818517450070e-01 8.2493315237196829e-01 6.5877684241674372e-01
 8.7745919593042943e-01 8.2861408821570393e-01 6.6075813062689015e-01
 8.7894767740056234e-01 8.3227874447010364e-01 6.6273349566361117e-01
 8.8043364241310673e-01 8.3592733524147989e-01 6.6470299033438773e-01
 8.8191710368819676e-01 8.3956006998374511e-01 6.6666666666666663e-01
 8.8339807383916391e-01 8.4317715363872414e-01 6.6862457592389746e-01
 8.8487656537378845e-01 8.4677878677107299e-01 6.7057676862114679e-01
 8.8635259069553107e-01 8.5036516569805454e-01 6.7252329454030546e-01
 8.8782616210474841e-01 8.5393648261440924e-01 6.7446420274490015e-01
 8.8929729179988759e-01 8.5749292571254421e-01 6.7639954159452309e-01
 8.9076599187866490e-01 8.6103467929825472e-01 6.7832935875889111e-01
 8.9223227433922658e-01 8.6456192390217934e-01 6.8025370123154472e-01
 8.9369615108129241e-01 8.6807483638717886e-01 6.8217261534320106e-01
 8.9515763390728209e-01 8.7157359005181945e-01 6.8408614677476864e-01
 8.9661673452342561e-01 8.7505835473013260e-01 6.8599434057003539e-01
 8.9807346454085724e-01 8.7852929688781356e-01 6.8789724114804018e-01
 8.9952783547669368e-01 8.8198657971501226e-01 6.8979489231513758e-01
 9.0097985875509623e-01 8.8543036321586299e-01 6.9168733727676379e-01
 9.0242954570831757e-01 8.8886080429489334e-01 6.9357461864891434e-01
 9.0387690757773409e-01 8.9227805684044159e-01 6.9545677846934117e-01
 9.0532195551486272e-01 8.9568227180521098e-01 6.9733385820847793e-01
 9.0676470058236291e-01 8.9907359728407843e-01 6.9920589878010098e-01
 9.0820515375502553e-01 9.0245217858927174e-01 7.0107294055173475e-01
 9.0964332592074626e-01 9.0581815832302259e-01 7.0293502335480740e-01
 9.1107922788148576e-01 9.0917167644779939e-01 7.0479218649456588e-01
 9.1251287035421669e-01 9.1251287035421669e-01 7.0664446875975628e-01
 9.1394426397185669e-01 9.1394426397185669e-01 7.1215807068870518e-01
 9.1537341928418814e-01 9.1537341928418814e-01 7.1762931243460182e-01
 9.1680034675876598e-01 9.1680034675876598e-01 7.2305915559078571e-01
 9.1822505678181143e-01 9.1822505678181143e-01 7.2844852591103570e-01
 9.1964755965909473e-01 9.1964755965909473e-01 7.3379831515223681e-01
 9.2106786561680432e-01 9.2106786561680432e-01 7.3910938279699989e-01
 9.2248598480240485e-01 9.2248598480240485e-01 7.4438255766565531e-01
 9.2390192728548304e-01 9.2390192728548304e-01 7.4961863942618412e-01
 9.2531570305858168e-01 9.2531570305858168e-01 7.5481840000987266e-01
 9.2672732203802255e-01 9.2672732203802255e-01 7.5998258493978965e-01
 9.2813679406471761e-01 9.2813679406471761e-01 7.6511191457855710e-01
 9.2954412890496985e-01 9.2954412890496985e-01 7.7020708530132731e-01
 9.3094933625126275e-01 9.3094933625126275e-01 7.7526877059937527e-01
 9.3235242572303845e-01 9.3235242572303845e-01 7.8029762211925735e-01
 9.3375340686746700e-01 9.3375340686746700e-01 7.8529427064207458e-01
 9.3515228916020343e-01 9.3515228916020343e-01 7.9025932700700763e-01
 9.3654908200613596e-01 9.3654908200613596e-01 7.9519338298295050e-01
 9.3794379474012368e-01 9.3794379474012368e-01 8.0009701209176498e-01
 9.3933643662772426e-01 9.3933643662772426e-01 8.0497077038639764e-01
 9.4072701686591198e-01 9.4072701686591198e-01 8.0981519718684658e-01
 9.4211554458378688e-01 9.4211554458378688e-01 8.1463081577673691e-01
 9.4350202884327317e-01 9.4350202884327317e-01 8.1941813406305120e-01
 9.4488647863980990e-01 9.4488647863980990e-01 8.2417764520136871e-01
 9.4626890290303167e-01 9.4626890290303167e-01 8.2890982818879277e-01
 9.4764931049744061e-01 9.4764931049744061e-01 8.3361514842658335e-01
 9.4902771022306920e-01 9.4902771022306920e-01 8.3829405825436654e-01
 9.5040411081613552e-01 9.5040411081613552e-01 8.4294699745765500e-01
 9.5177852094968840e-01 9.5177852094968840e-01 8.4757439375029286e-01
 9.5315094923424581e-01 9.5315094923424581e-01 8.5217666323332109e-01
 9.5452140421842357e-01 9.5452140421842357e-01 8.5675421083165848e-01
 9.5588989438955696e-01 9.5588989438955696e-01 8.6130743070989368e-01
 9.5725642817431411e-01 9.5725642817431411e-01 8.6583670666839896e-01
 9.5862101393930077e-01 9.5862101393930077e-01 8.7034241252088806e-01
 9.5998365999165858e-01 9.5998365999165858e-01 8.7482491245447525e-01
 9.6134437457965483e-01 9.6134437457965483e-01 8.7928456137321154e-01
 9.6270316589326477e-01 9.6270316589326477e-01 8.8372170522601834e-01
 9.6406004206474727e-01 9.6406004206474727e-01 8.8813668131987555e-01
 9.6541501116921191e-01 9.6541501116921191e-01 8.9252981861906611e-01
 9.6676808122518032e-01 9.6676808122518032e-01 8.9690143803122735e-01
 9.6811926019513950e-01 9.6811926019513950e-01 9.0125185268091634e-01
 9.6946855598608850e-01 9.6946855598608850e-01 9.0558136817134482e-01
 9.7081597645007822e-01 9.7081597645007822e-01 9.0989028283490614e-01
 9.7216152938474487e-01 9.7216152938474487e-01 9.1417888797307401e-01
 9.7350522253383598e-01 9.7350522253383598e-01 9.1844746808621935e-01
 9.7484706358773066e-01 9.7484706358773066e-01 9.2269630109385803e-01
 9.7618706018395285e-01 9.7618706018395285e-01 9.2692565854581255e-01
 9.7752521990767871e-01 9.7752521990767871e-01 9.3113580582474054e-01
 9.7886155029223765e-01 9.7886155029223765e-01 9.3532700234045929e-01
 9.8019605881960692e-01 9.8019605881960692e-01 9.3949950171646723e-01
 9.8152875292090014e-01 9.8152875292090014e-01 9.4365355196904266e-01
 9.8285963997685089e-01 9.8285963997685089e-01 9.4778939567927822e-01
 9.8418872731828833e-01 9.8418872731828833e-01 9.5190727015838683e-01
 9.8551602222660972e-01 9.8551602222660972e-01 9.5600740760660063e-01
 9.8684153193424473e-01 9.8684153193424473e-01 9.6009003526596060e-01
 9.8816526362511559e-01 9.8816526362511559e-01 9.6415537556728592e-01
 9.8948722443509174e-01 9.8948722443509174e-01 9.6820364627158628e-01
 9.9080742145243783e-01 9.9080742145243783e-01 9.7223506060617637e-01
 9.9212586171825812e-01 9.9212586171825812e-01 9.7624982739573185e-01
 9.9344255222693345e-01 9.9344255222693345e-01 9.8024815118851250e-01
 9.9475749992655538e-01 9.9475749992655538e-01 9.8423023237797236e-01
 9.9607071171935280e-01 9.9607071171935280e-01 9.8819626731995813e-01
 9.9738219446211562e-01 9.9738219446211562e-01 9.9214644844569133e-01
 9.9869195496661167e-01 9.9869195496661167e-01 9.9608096437071791e-01
 1.0000000000000000e+00 1.0000000000000000e+00 1.0000000000000000e+00
